Mbh		 abh		 AMexp		  Mexp		 filename		 tff			 Md			 Mco			 Rexp			  MHe_form			  AMfinal_He_form			 R_He_form			  Omega_mean_He_form			  MHe_dep			  AMfinal_He_dep			 R_He_dep			  Omega_mean_He_dep			 Eacc
2.923e+01	9.994e-01	2.829e+52	55.83636287592318	750/LOGS/profile89	14.159170121038267	1.072e+00	51.23707277839746	0.9469782787021401	60.91740947820282	1.058e+53	2.7373077024890144	0.00035200709622078	57.025845152481295	4.679e+52	2.4807600383411885	0.00035998480030873713	1.134e+55
3.028e+01	9.994e-01	2.963e+52	57.65358435094592	751/LOGS/profile81	14.39837862048469	1.078e+00	52.1140355963811	0.9735210285201664	62.907230999277964	1.103e+53	2.7819815270718853	0.0003440203676476999	58.84371242896522	4.844e+52	2.525946648753893	0.00034903973426859936	1.176e+55
3.123e+01	9.994e-01	3.103e+52	59.46242175686815	752/LOGS/profile82	14.620996063700103	1.101e+00	54.10359449262504	0.9940321958314446	64.91296352602627	1.154e+53	2.81875458370205	0.000337711921948499	60.65373157716011	5.013e+52	2.5618411822769085	0.00033991574406871364	1.214e+55
3.234e+01	9.994e-01	3.157e+52	61.227648228942606	753/LOGS/profile82	14.940014707062588	1.073e+00	55.839361880806166	0.9874904429103557	66.88392461045675	1.193e+53	2.880126850360826	0.000329923416269974	62.41823745809422	5.038e+52	2.634063880853875	0.0003247021074657371	1.259e+55
3.344e+01	9.994e-01	3.361e+52	63.08540861980317	754/LOGS/profile99	15.068963963252505	1.133e+00	57.966497485781275	1.013958397876967	68.8931431281611	1.239e+53	2.902910200397288	0.000321656318430668	64.25166566593279	5.260e+52	2.630456737036024	0.0003229864210517433	1.303e+55
3.455e+01	9.994e-01	3.508e+52	64.89883237197698	755/LOGS/profile91	15.34026035298574	1.153e+00	59.06672543708227	1.02365624347161	70.8573909545073	1.282e+53	2.936047369202299	0.0003149267608943496	66.07676854897133	5.441e+52	2.6718471960706247	0.0003142604764473044	1.347e+55
3.567e+01	9.994e-01	3.610e+52	66.70621043503448	756/LOGS/profile9	15.603227700550672	1.228e+00	61.037872537043256	0.9687184581291555	72.90129857172444	1.335e+53	2.990356203337527	0.0003096076490607471	67.88467975821156	5.555e+52	2.7242121378666435	0.00030339518222533744	1.392e+55
3.648e+01	9.994e-01	3.820e+52	68.52052840967352	757/LOGS/profile84	15.874750849933484	1.190e+00	62.20833288106247	1.0719120541172107	74.89205157420535	1.385e+53	3.009726835585711	0.0003038627712504799	69.69934416718878	5.786e+52	2.7282266034795817	0.0002999870292547893	1.425e+55
3.755e+01	9.994e-01	3.928e+52	70.33857063056658	758/LOGS/profile98	16.073476067310057	1.187e+00	63.89949824564218	1.0884917370020641	76.8987316206457	1.433e+53	3.0569254800277705	0.0002979037384726203	71.49187314831956	5.875e+52	2.7820226412791578	0.0002892889311605458	1.468e+55
3.866e+01	9.994e-01	4.023e+52	72.11314663022864	759/LOGS/profile93	16.23768240183389	1.229e+00	65.49697214231094	1.0410102007800464	78.85363135844655	1.470e+53	3.109973457794291	0.00029223212325968524	73.27840415164206	5.988e+52	2.817820043540227	0.0002775324160019409	1.512e+55
3.656e+00	4.501e-01	5.606e+50	4.700183406323715	760/LOGS/profile86	111.67421976891443	2.197e-02	2.5321992456658946	2.3240116764496457	4.999401423836272	2.436e+51	2.3240116764496457	0.0015555704719580445	4.892873300512522	1.722e+51	2.3240116764496457	0.00168133105015259	1.637e+52
5.320e+00	4.406e-01	8.007e+50	6.50764179769836	761/LOGS/profile89	99.71638307458744	3.013e-02	3.9873216145571497	1.4781500082978654	6.998936095012763	4.279e+51	1.7828964054114258	0.0012881785973960658	6.814726693777176	2.852e+51	1.7828964054114258	0.0014234705160933885	1.980e+52
7.246e+00	5.297e-01	9.304e+50	8.274596959242276	762/LOGS/profile86	48.83057004478316	4.261e-02	6.12398035717022	0.7666951042941258	8.998221644722367	6.578e+51	1.0449905931640637	0.001142881558271104	8.714682523790575	4.089e+51	1.0449905931640637	0.0012423056485325627	2.769e+52
8.841e+00	7.075e-01	1.509e+51	10.101723868434688	763/LOGS/profile11	30.561343370639264	7.335e-02	7.9371454802095585	0.6659076309976939	10.99667186269117	9.133e+51	1.158289152378943	0.0010358894784738078	10.630262856799236	5.611e+51	1.0497256744677042	0.001104726299709354	6.043e+52
1.042e+01	7.747e-01	2.170e+51	11.945480507058164	764/LOGS/profile5	27.977330793068283	1.049e-01	9.371200650133154	0.6324598686382238	12.995006518760974	1.187e+52	1.2661260610528235	0.0009442645701080544	12.477997957172224	6.580e+51	1.1063454800528363	0.0010461460608918258	9.738e+52
1.209e+01	7.327e-01	2.678e+51	13.773719094516888	765/LOGS/profile86	38.06636212549601	9.176e-02	10.480846828520908	0.8225559808764324	14.993528576212993	1.478e+52	1.3673689033400833	0.0008697142594215293	14.40267244296991	8.343e+51	1.217398938168083	0.0009488148340266846	9.757e+52
7.891e+00	9.994e-01	3.948e+51	15.543706546765154	766/LOGS/profile12	6.520711772346115	4.097e-01	12.90382363132689	0.46643935938233194	16.993153190523618	1.795e+52	1.4110235813506915	0.0008116236650217172	16.232620780710693	9.667e+51	1.2346734590470123	0.000910051947177924	2.767e+54
9.613e+00	9.994e-01	4.738e+51	17.44174580448	767/LOGS/profile94	6.993552780247351	4.138e-01	14.553634643030092	0.48815523401299454	18.991530446070367	2.097e+52	1.5176023015928723	0.0007520991030442239	18.164992460932087	1.146e+52	1.3452721122529205	0.0008408278163669792	3.457e+54
9.041e+00	9.994e-01	5.611e+51	19.194084081846142	768/LOGS/profile88	7.625427286389529	6.003e-01	16.665167067896885	0.45453283490082974	20.98907053190227	2.454e+52	1.5683660216019744	0.0007158234121740924	19.997533501455898	1.290e+52	1.3849408034715043	0.0007991883451613287	3.228e+54
9.990e+00	9.994e-01	6.472e+51	21.04230530698276	769/LOGS/profile91	8.098655157241105	6.083e-01	18.655299480541753	0.5112289333968975	22.986625516252378	2.861e+52	1.6717385705364372	0.0006907596866581126	21.874018651417614	1.479e+52	1.481713624407649	0.0007695346027140345	3.609e+54
1.099e+01	9.994e-01	7.354e+51	22.85492236552605	770/LOGS/profile90	8.470258408362842	6.821e-01	20.3385190653684	0.5029771223434544	24.98531916451117	3.260e+52	1.7403554773777266	0.0006622415198236743	23.736987122814245	1.656e+52	1.5618173568891014	0.0007165162030546533	4.010e+54
1.191e+01	9.994e-01	8.276e+51	24.676709630210294	771/LOGS/profile87	8.849592199920242	6.737e-01	21.959329395212283	0.5627904850389156	26.982106238639574	3.657e+52	1.8167155614603951	0.0006340530674369427	25.599287788389358	1.830e+52	1.6304105590234304	0.0006862564632384073	4.381e+54
1.287e+01	9.994e-01	9.266e+51	26.48635233576347	772/LOGS/profile89	9.206418920054993	6.825e-01	24.10714600842645	0.6117831826213006	28.9795106935938	4.027e+52	1.875802943935445	0.0006033129074777722	27.463991283088358	2.006e+52	1.6882115869846874	0.000657470600013665	4.763e+54
1.390e+01	9.994e-01	1.028e+52	28.323459741186408	773/LOGS/profile85	9.574473744496823	7.461e-01	25.752113783384463	0.6100658324917452	30.978364484326573	4.476e+52	1.9544826320227384	0.0005851166278040372	29.316100931098	2.187e+52	1.7615646563876834	0.0006270408468387287	5.178e+54
1.478e+01	9.994e-01	1.124e+52	30.030585245214404	774/LOGS/profile83	9.950555606815486	7.026e-01	27.210484272182065	0.6651638829037786	32.97182367395805	4.861e+52	1.9747209575677198	0.0005600228818775218	31.093712250206316	2.288e+52	1.783427399868543	0.000605240454568245	5.530e+54
1.585e+01	9.994e-01	1.244e+52	32.03642880534298	775/LOGS/profile87	10.26330961931326	7.713e-01	29.26523532300952	0.6979173603729292	34.970645389617836	5.278e+52	2.089447455967003	0.0005393953060740111	33.080512629111055	2.581e+52	1.891707698461051	0.0005724696554751388	5.962e+54
1.706e+01	9.994e-01	1.329e+52	33.64481717076046	776/LOGS/profile97	10.642846639071276	9.914e-01	29.932576389665495	0.5443104637532995	36.96732633016872	5.704e+52	2.0932407904154275	0.0005207768761768947	34.77582973297951	2.620e+52	1.891427215046691	0.0005580760941895411	6.446e+54
1.808e+01	9.994e-01	1.432e+52	35.468521155341485	777/LOGS/profile96	10.928263154425068	1.024e+00	32.511231937421215	0.5542306471792227	38.96476629198156	6.140e+52	2.159023540482751	0.0005034599264731946	36.61966312271073	2.784e+52	1.9562008550541297	0.0005332069232672686	6.856e+54
1.895e+01	9.994e-01	1.552e+52	37.30909087466056	778/LOGS/profile87	11.250822748500456	9.075e-01	33.63526389321974	0.6777298586506031	40.96426399034412	6.617e+52	2.2215294643916743	0.000490372012546207	38.46055685073531	2.971e+52	2.0137359734872486	0.0005070098744624519	7.204e+54
2.001e+01	9.994e-01	1.662e+52	39.14664404794023	779/LOGS/profile91	11.563968851545877	9.382e-01	34.93090241507549	0.6867624592539033	42.95940384725938	6.962e+52	2.264359867806426	0.0004685488891412526	40.32494206529051	3.124e+52	2.071821127892545	0.00048771140919856554	7.629e+54
2.098e+01	9.994e-01	1.782e+52	41.01810831224474	780/LOGS/profile93	11.888898259663598	9.385e-01	36.85495554890587	0.7304141771886177	44.9551677337381	7.405e+52	2.348224037011629	0.00045490726378753365	42.19067098459865	3.315e+52	2.13378849610852	0.000464738429283771	8.025e+54
2.216e+01	9.994e-01	1.873e+52	42.668670442764814	781/LOGS/profile94	12.150139078967815	1.124e+00	38.406439006756564	0.6144839985869719	46.94558392238826	7.971e+52	2.3683016653049833	0.00044848158584463575	43.90017675212331	3.416e+52	2.151383130563787	0.0004576656882937314	8.497e+54
2.305e+01	9.994e-01	1.989e+52	44.510657172763885	782/LOGS/profile92	12.442682571554691	9.770e-01	40.35205174250487	0.7532971557779927	48.94599775883262	8.443e+52	2.43656135909188	0.0004360349636204468	45.73032704887235	3.569e+52	2.2211856483058563	0.0004321176206953473	8.856e+54
2.421e+01	9.994e-01	2.114e+52	46.39163247448386	783/LOGS/profile94	12.737607371897852	1.088e+00	41.945655631972706	0.7107020601119967	50.94316907034131	8.889e+52	2.5038543670352706	0.00042397733115871354	47.59823589057352	3.753e+52	2.282689232893448	0.00042227970225606223	9.322e+54
2.516e+01	9.994e-01	2.292e+52	48.340622243925246	784/LOGS/profile87	13.075426174463358	1.113e+00	44.79388780635983	0.7678082952281486	52.93160310973611	9.339e+52	2.569892900702444	0.00041210828491453414	49.536000603328816	4.060e+52	2.313022628303293	0.00041299373249596607	9.702e+54
2.617e+01	9.994e-01	2.417e+52	50.13845079100761	785/LOGS/profile96	13.289446584568964	1.108e+00	45.64950644341366	0.793425981136144	54.94058712251685	9.900e+52	2.6175677695210005	0.0004048239427484623	51.3448694698119	4.239e+52	2.363487704296145	0.00039922244816014443	1.011e+55
2.699e+01	9.994e-01	2.536e+52	51.96534517621818	786/LOGS/profile87	13.569514757839107	1.000e+00	47.835669621624994	0.9263854131678184	56.935046821801755	1.034e+53	2.6624167877615066	0.0003932624020608139	53.169271347598226	4.387e+52	2.4142087265917382	0.00038970509968940724	1.044e+55
2.794e+01	9.994e-01	2.630e+52	53.69469086821077	787/LOGS/profile98	13.871371880351916	9.284e-01	49.10199282401571	0.9684220472052223	58.90238561698808	1.077e+53	2.711877114912736	0.0003838623382412187	54.91640451003581	4.449e+52	2.457955230058834	0.00036838427555934555	1.082e+55
2.907e+01	9.994e-01	2.779e+52	55.567911508378536	788/LOGS/profile94	14.031908569732362	1.044e+00	50.70780631303861	0.940903833257284	60.92085018011272	1.131e+53	2.7664049020179053	0.0003750262848869126	56.77765155549788	4.669e+52	2.5045680166922093	0.0003623059779159239	1.127e+55
3.013e+01	9.994e-01	2.969e+52	57.38143519928739	789/LOGS/profile97	14.33993500867441	1.100e+00	52.225635259345886	0.9608776443266437	62.91169009383957	1.179e+53	2.7909018792877234	0.0003668584262366079	58.5935957777264	4.875e+52	2.508013461559761	0.0003584644177427513	1.170e+55
3.128e+01	9.994e-01	3.048e+52	59.14447110229001	790/LOGS/profile98	14.595516785596793	1.150e+00	53.35279979640333	0.906219267359627	64.8951200458099	1.230e+53	2.8424008335876025	0.00035988385060533836	60.36697312546746	4.986e+52	2.5767124975799924	0.0003401710160473976	1.216e+55
3.221e+01	9.994e-01	3.098e+52	60.89086105857845	791/LOGS/profile3	14.869503195113268	1.055e+00	54.93204731355341	0.9732049632487587	66.86966165001213	1.273e+53	2.894345767326788	0.0003516445857957465	62.11652213698732	5.004e+52	2.6541360561809393	0.00032675720871472807	1.253e+55
3.343e+01	9.994e-01	3.330e+52	62.779089315416186	792/LOGS/profile7	15.07296891143147	1.245e+00	57.285163914005786	0.8975653859772845	68.88792727357131	1.324e+53	2.924165521953962	0.00034349740279679587	64.0070919095554	5.324e+52	2.649459026528004	0.00032832790586118685	1.303e+55
3.423e+01	9.994e-01	3.508e+52	64.60048527522339	793/LOGS/profile88	15.319403304643656	1.157e+00	58.91688693654294	1.0329627184857428	70.84923145766477	1.369e+53	2.9535355784755404	0.0003357631115653435	65.83143932056747	5.529e+52	2.6668688494890778	0.00031938467346091863	1.334e+55
3.527e+01	9.994e-01	3.643e+52	66.4099281730857	794/LOGS/profile79	15.603852945422894	1.166e+00	60.42040591975667	1.0550356487804342	72.87933055236415	1.424e+53	2.994351483988945	0.00032907655613158315	67.62337069276745	5.643e+52	2.7179289352485534	0.0003123339961269474	1.376e+55
3.621e+01	9.994e-01	3.763e+52	68.19067200424462	795/LOGS/profile26	15.758041105629852	1.104e+00	62.4464941195664	1.1361102124040932	74.88747119804859	1.481e+53	3.02531335632764	0.0003238578785906891	69.4145209570091	5.808e+52	2.757197493654757	0.0003022606955445733	1.414e+55
3.741e+01	9.994e-01	3.883e+52	70.00890824791665	796/LOGS/profile20	16.040703265993752	1.155e+00	63.67408675463357	1.0918027896636588	76.89493122025344	1.533e+53	3.0814505282162603	0.0003179562650529345	71.19394890163996	5.880e+52	2.800200934252334	0.00029280692966013826	1.462e+55
3.832e+01	9.994e-01	4.072e+52	71.80586156245171	797/LOGS/profile95	16.21889939913951	1.211e+00	65.62783719783354	1.0990527188086041	78.84596173228829	1.572e+53	3.0988064957589554	0.0003120428126291103	73.0106146455275	6.111e+52	2.816230139004047	0.0002884520213688507	1.499e+55
3.925e+00	4.155e-01	3.669e+50	4.642797157249796	798/LOGS/profile84	80.68203981448077	1.812e-02	2.9902204328059296	1.195508590177976	4.999415880899297	2.496e+51	1.5565845637900537	0.0015916514011539173	4.889500822051505	1.752e+51	1.5565845637900537	0.001691555848617114	1.212e+52
5.579e+00	4.591e-01	5.972e+50	6.442715475513174	799/LOGS/profile79	62.48106060730947	2.707e-02	4.54715652040416	0.9276919741296	6.998939463599577	4.484e+51	1.2330816896850336	0.0013438387114169574	6.789912524338442	2.833e+51	1.2330816896850336	0.0014398694639428155	1.761e+52
7.219e+00	5.168e-01	9.245e+50	8.248155903157611	800/LOGS/profile84	52.58691318763708	3.749e-02	6.049440227304851	0.8922023773777507	8.99815479038193	6.838e+51	1.1011842565700525	0.001184551584324452	8.6896566321232	4.094e+51	1.1011842565700525	0.0012320900854696207	2.670e+52
8.830e+00	6.488e-01	1.402e+51	10.046050704382694	801/LOGS/profile9	36.2578643508181	5.970e-02	7.690483183872376	0.73283164454107	10.996482982564542	9.537e+51	1.1509559272200356	0.0010782482203645079	10.570452984187883	5.415e+51	1.043370772508778	0.0010992115628536022	5.053e+52
1.036e+01	7.773e-01	2.088e+51	11.856111404864151	802/LOGS/profile95	29.151462217130472	9.510e-02	9.307900986802634	0.6379484775089214	12.994709023120166	1.242e+52	1.2426513626554339	0.0009854830480715616	12.43645876047529	6.701e+51	1.1070972769860203	0.0010337315733736285	9.559e+52
1.187e+01	8.788e-01	2.988e+51	13.754628648498766	803/LOGS/profile97	22.81651109048167	1.440e-01	10.896253496031397	0.5902079486070163	14.9932324745111	1.525e+52	1.3590110513545257	0.0008962530554978653	14.376811616476221	8.481e+51	1.2270858713604265	0.0009439290750026115	1.999e+53
1.299e+01	9.645e-01	3.849e+51	15.565787515196234	804/LOGS/profile100	18.4375678920004	1.997e-01	12.484826719045222	0.5352489389921176	16.99216204362342	1.856e+52	1.4376645826611834	0.0008383823976219766	16.228218654967588	9.844e+51	1.2808987843566215	0.0008928643710279048	5.802e+53
8.091e+00	9.994e-01	4.723e+51	17.290572918922212	805/LOGS/profile89	7.181063785933276	5.305e-01	14.894900925238586	0.4423128221278341	18.990460821975773	2.242e+52	1.4931095025345658	0.0008014021407585393	18.033543047125026	1.119e+52	1.313223923986456	0.0008625364658937361	2.845e+54
9.092e+00	9.994e-01	5.514e+51	19.131535737622503	806/LOGS/profile88	7.632497250623144	5.922e-01	16.596076631935713	0.45066638888507543	20.986889839305555	2.627e+52	1.5866593233498663	0.0007636315595377956	19.908064104631833	1.288e+52	1.4076418213603525	0.0008123003016440261	3.246e+54
9.799e+00	9.994e-01	6.430e+51	20.973302868625566	807/LOGS/profile81	8.038700632641136	5.022e-01	18.407147948153845	0.6324949262053995	22.98484944548635	3.021e+52	1.677563988613101	0.0007275272368211774	21.784582086095323	1.469e+52	1.4898694199453637	0.0007602383524030566	3.533e+54
1.093e+01	9.994e-01	7.312e+51	22.75710287913525	808/LOGS/profile89	8.419226968475368	6.773e-01	20.069837328636943	0.5055955209043291	24.982980468312768	3.445e+52	1.7471741155885936	0.0006980386314910896	23.631448720029855	1.646e+52	1.5615301830416797	0.0007267866469119134	3.985e+54
1.182e+01	9.994e-01	8.211e+51	24.486915950928985	809/LOGS/profile84	8.811638642539032	6.707e-01	21.936602131633702	0.5563647395405575	26.980202743847236	3.869e+52	1.788506017322583	0.0006689275166890733	25.42300350593956	1.774e+52	1.5922104372028452	0.0006968009997095334	4.343e+54
1.291e+01	9.994e-01	9.191e+51	26.25917551143476	810/LOGS/profile85	9.174659707945185	8.163e-01	23.848714020986925	0.4920704508062792	28.97824905205813	4.265e+52	1.8496773145353882	0.0006373693049862086	27.26480690562252	1.938e+52	1.633177909988656	0.0006608351884953231	4.782e+54
1.382e+01	9.994e-01	1.017e+52	28.05464799540017	811/LOGS/profile93	9.517823701502577	7.789e-01	25.42186750412588	0.5646407649713774	30.975216871142088	4.742e+52	1.9253999939084367	0.0006182535371077614	29.105147396156756	2.125e+52	1.7069156210475052	0.0006306128457858108	5.148e+54
1.486e+01	9.994e-01	1.119e+52	29.915679354839273	812/LOGS/profile85	9.917436647856924	8.184e-01	26.6971343621659	0.5807978538975042	32.973908783620374	5.078e+52	1.9763461458927183	0.0005832324482645721	30.9927525981804	2.292e+52	1.7709022498528568	0.0005988967400626793	5.564e+54
1.599e+01	9.994e-01	1.212e+52	31.729408928621375	813/LOGS/profile93	10.253904215122086	9.546e-01	29.16314092949957	0.5219697024728631	34.97029265127676	5.515e+52	2.045655347377721	0.0005625092057039011	32.837430729196456	2.461e+52	1.8468853737453579	0.0005739268724234123	6.018e+54
1.698e+01	9.994e-01	1.318e+52	33.52794096695039	814/LOGS/profile99	10.561616542844643	9.765e-01	30.72773481568252	0.5453941505378875	36.96860797962253	5.967e+52	2.100905921205522	0.0005431793496698399	34.6573410315447	2.607e+52	1.896244539993301	0.0005570998216955555	6.414e+54
1.796e+01	9.994e-01	1.419e+52	35.28763832675439	815/LOGS/profile96	10.890861155240508	1.012e+00	32.43118244137785	0.5579954233398988	38.96069296049763	6.520e+52	2.162694960418653	0.0005337322131024022	36.44725122538913	2.774e+52	1.9573598597558242	0.0005309052382579716	6.812e+54
1.866e+01	9.994e-01	1.574e+52	37.2784352109514	816/LOGS/profile11	11.22900469014627	7.933e-01	34.23250299686478	0.8246431788907169	40.9602748127718	7.030e+52	2.2650026249653483	0.0005198640677823806	38.39966065420753	3.076e+52	2.030193442198959	0.0005167699642960677	7.088e+54
1.981e+01	9.994e-01	1.666e+52	39.02912047174965	817/LOGS/profile85	11.516599978852442	8.910e-01	35.86241145005544	0.7422244668763881	42.954345846567605	7.499e+52	2.310383880408862	0.0005033159537227713	40.175698172639244	3.184e+52	2.080700879782228	0.0004962400501114936	7.552e+54
2.102e+01	9.994e-01	1.748e+52	40.69367154790242	818/LOGS/profile93	11.864008070094803	1.054e+00	37.369843287236016	0.6294840421511138	44.945708252367865	7.971e+52	2.3369402404488175	0.0004886727510360715	41.892465384823524	3.242e+52	2.1155906556181243	0.00047161831658162207	8.039e+54
2.185e+01	9.994e-01	1.870e+52	42.543167171486694	819/LOGS/profile97	12.116942322872946	9.452e-01	38.168515946803225	0.749202249798193	46.94486596634228	8.488e+52	2.404152547905661	0.00047564787755153355	43.729016726198985	3.426e+52	2.1755179197160475	0.0004530235271624755	8.371e+54
2.293e+01	9.994e-01	2.036e+52	44.50931706962665	820/LOGS/profile92	12.420544786311485	1.033e+00	40.6621123982111	0.7511501103911025	48.9319395845866	8.971e+52	2.481418562593057	0.0004628417217048478	45.69988671794218	3.764e+52	2.2300876825339913	0.0004476598053847157	8.806e+54
2.399e+01	9.994e-01	2.120e+52	46.21340698201626	821/LOGS/profile2	12.731206310302507	1.056e+00	42.252047960416114	0.7346261945162459	50.92605133029147	9.445e+52	2.519564431586364	0.00045005728544135004	47.42390640198331	3.812e+52	2.272084860893359	0.0004274985900925551	9.232e+54
2.477e+01	9.994e-01	2.216e+52	47.966557990600656	822/LOGS/profile88	13.03156367474175	8.828e-01	43.62923294950817	0.9200263986364242	52.92390178057352	9.944e+52	2.5603052992500737	0.0004374171711689882	49.17755871441467	3.886e+52	2.331044282730568	0.0004049679855216521	9.543e+54
2.590e+01	9.994e-01	2.360e+52	49.78624747277153	823/LOGS/profile94	13.266208764633582	1.014e+00	45.932322683888465	0.8413053681132971	54.93397367002858	1.055e+53	2.6189259469416664	0.0004310568081870098	51.01908105920623	4.127e+52	2.368524029801145	0.00039719763458210676	1.000e+55
2.689e+01	9.994e-01	2.534e+52	51.70611016697001	824/LOGS/profile97	13.532737256172819	1.024e+00	46.842347859376936	0.9144313536846362	56.931232743435956	1.103e+53	2.663851156410859	0.0004182674972798365	52.933726108238055	4.418e+52	2.405845843665367	0.00038967596529962476	1.040e+55
2.776e+01	9.994e-01	2.600e+52	53.39139372587177	825/LOGS/profile91	13.784207068189344	9.009e-01	49.18067993545514	1.0343735462331722	58.906149152318214	1.150e+53	2.7101533395472286	0.00040877588242579335	54.637891141841344	4.435e+52	2.4647538457512277	0.0003803026351892092	1.074e+55
2.907e+01	9.994e-01	2.770e+52	55.26173411352153	826/LOGS/profile8	14.057925163989445	1.142e+00	50.60252302017947	0.8466523867600462	60.90988513493321	1.205e+53	2.7606667315495925	0.00040022838230560203	56.49936786053645	4.683e+52	2.4941618287214844	0.00036670442823501665	1.127e+55
3.015e+01	9.994e-01	2.807e+52	56.9418818199603	827/LOGS/profile89	14.351283590505808	1.119e+00	51.32565282566412	0.8347517469647132	62.9058590113325	1.258e+53	2.8012775251995383	0.00039008415732760094	58.16682360114307	4.612e+52	2.5563342601196246	0.00035124130327267316	1.170e+55
3.071e+01	9.994e-01	3.025e+52	58.82673835481036	828/LOGS/profile89	14.514526985665103	9.650e-01	53.42063630209702	1.0638715633704727	64.88817374109482	1.312e+53	2.850010468627423	0.0003828783068943763	60.07846902711275	4.998e+52	2.5774829381402156	0.0003524381748263784	1.193e+55
3.194e+01	9.994e-01	3.254e+52	60.708182633001	829/LOGS/profile91	14.819793480420925	1.152e+00	55.26736565487995	0.9999174190214734	66.86724313456885	1.359e+53	2.8586207385317053	0.00037469135519928526	61.95395574447483	5.274e+52	2.578793299435681	0.00034596074412190534	1.242e+55
3.298e+01	9.994e-01	3.319e+52	62.48688209692951	830/LOGS/profile86	15.06234161129499	1.119e+00	57.198931695980775	1.0145865845271258	68.89152321225323	1.415e+53	2.9236697498267903	0.0003660163806027084	63.71520765460642	5.326e+52	2.6440239105101133	0.0003279945857467193	1.284e+55
3.407e+01	9.994e-01	3.454e+52	64.27778132096384	831/LOGS/profile97	15.24895380509132	1.141e+00	58.59497658824462	1.0281706782884537	70.86335358497091	1.466e+53	2.975624636982122	0.00035840375810473944	65.50697704770471	5.460e+52	2.682771813777704	0.00032383727735969434	1.328e+55
3.480e+01	9.994e-01	3.400e+52	65.89852189105179	832/LOGS/profile81	15.550288576440044	9.009e-01	59.99683779249068	1.22020823869018	72.88303539982057	1.523e+53	3.024872233217621	0.00035138896597703545	67.13917727018311	5.343e+52	2.8040101727336704	0.00030008603182015347	1.357e+55
3.595e+01	9.994e-01	3.472e+52	67.61599471429453	833/LOGS/profile84	15.77103867779403	8.921e-01	61.68352082307335	1.155300987669862	74.89023393707959	1.584e+53	3.0719721862527396	0.0003454036351586724	68.84538753852776	5.367e+52	2.841625621364633	0.00028904653187794815	1.404e+55
3.735e+01	9.994e-01	3.701e+52	69.55194844258035	834/LOGS/profile99	15.948359678438676	1.104e+00	63.58669167608632	1.048121605374857	76.82558126381106	1.625e+53	3.1240253332720274	0.00033935917233313915	70.7524599203632	5.652e+52	2.8728235577810173	0.000287863061160425	1.460e+55
3.841e+01	9.994e-01	3.823e+52	71.40623748323374	835/LOGS/profile78	16.269254873689533	1.100e+00	65.50344726483556	1.0612373115186942	78.83408872116607	1.655e+53	3.1581808215075453	0.0003282476245328237	72.6137873989608	5.797e+52	2.9212583630018742	0.00027546037098177833	1.502e+55
3.682e+00	4.590e-01	5.415e+50	4.68477560854075	836/LOGS/profile90	114.6702822268899	2.030e-02	2.527790605866404	2.419202999633947	4.999389230876997	2.540e+51	2.419790881434006	0.0016175080521494106	4.87975291500495	1.728e+51	2.419790881434006	0.0017171353997850205	1.604e+52
7.204e+00	5.131e-01	9.008e+50	8.217003203185488	838/LOGS/profile78	53.378614030913255	3.364e-02	6.02491475825893	0.9504505864385541	8.998019730179731	7.069e+51	1.106764940897324	0.0012209678556617644	8.668053497943195	4.115e+51	1.106764940897324	0.0012209216394192346	2.656e+52
8.810e+00	6.293e-01	1.369e+51	10.009938329583694	839/LOGS/profile86	37.70689055750221	6.020e-02	7.746581476808757	0.7045240396790895	10.996351186220677	9.908e+51	1.1498295645092005	0.0011167519735681849	10.526985271090043	5.318e+51	1.0331012650486742	0.0011205621678040663	4.720e+52
1.036e+01	7.578e-01	2.137e+51	11.864485392982798	840/LOGS/profile99	28.61772469313848	1.101e-01	9.356751736117847	0.603500888039601	12.994836992726475	1.273e+52	1.2573799073261083	0.0010076866320981729	12.417532696394455	6.679e+51	1.1342448180075424	0.0009851349935993702	8.996e+52
1.149e+01	9.295e-01	3.034e+51	13.649520284203934	841/LOGS/profile96	18.81091111374244	1.803e-01	11.021823647063124	0.48484706496396307	14.993168252988715	1.622e+52	1.332496682440055	0.000947967731566844	14.256880190999995	8.103e+51	1.1781500619261718	0.0009730802573990249	3.458e+53
8.298e+00	9.994e-01	3.876e+51	15.421245431951599	842/LOGS/profile9	6.484405118927689	3.690e-01	12.851575005261195	0.47731815195862737	16.992003071229707	1.978e+52	1.4093061067663106	0.0008889513527219373	16.105197184817982	9.589e+51	1.235574383358293	0.0009113606253570608	2.931e+54
8.168e+00	9.994e-01	4.679e+51	17.25251347975544	843/LOGS/profile86	7.1079860928986145	4.900e-01	14.494133370720787	0.48195041144759576	18.989860930821067	2.354e+52	1.4996816449922525	0.0008386824589880158	17.97329912926231	1.120e+52	1.32763115003805	0.0008542567364095959	2.877e+54
9.115e+00	9.994e-01	5.482e+51	19.072141634075138	844/LOGS/profile89	7.563766972710391	5.660e-01	16.308039544321232	0.46659288091424733	20.98625707249018	2.763e+52	1.5946177612134782	0.0007998090271187381	19.836687466607927	1.292e+52	1.419825315539944	0.0008098004895282257	3.259e+54
9.907e+00	9.994e-01	6.354e+51	20.805187917514047	845/LOGS/profile85	8.069859760445198	6.431e-01	18.3423511488233	0.4687429246354476	22.983624517763065	3.182e+52	1.653719025956375	0.0007630049646134292	21.645907751376868	1.435e+52	1.4512236145528916	0.0007615462925944518	3.574e+54
1.083e+01	9.994e-01	7.219e+51	22.686804065222546	846/LOGS/profile83	8.32857500110609	5.402e-01	19.642828034657523	0.6077396034574909	24.979127023860226	3.629e+52	1.7650057472493192	0.000733253387945864	23.53209832950725	1.630e+52	1.5822182882109213	0.0007182652537450394	3.946e+54
1.169e+01	9.994e-01	8.182e+51	24.39667349779202	847/LOGS/profile84	8.845926019084123	6.149e-01	22.038189776830706	0.6160299183810658	26.98027117186795	4.009e+52	1.7853714858687344	0.0006915051438041791	25.349356342300393	1.779e+52	1.5869242919631636	0.0006861766343526427	4.292e+54
1.269e+01	9.994e-01	9.160e+51	26.270392009194964	848/LOGS/profile87	9.171039656968896	6.280e-01	23.875992165722323	0.661678162957204	28.975140398114508	4.421e+52	1.8749630688700518	0.000659862558495239	27.238705534836306	1.974e+52	1.6726863798963851	0.0006701547502487382	4.691e+54
1.372e+01	9.994e-01	1.008e+52	27.907961089187193	849/LOGS/profile89	9.544170693229534	7.526e-01	25.278868365373764	0.581446248357221	30.96949395698341	5.009e+52	1.9134782440698832	0.0006516747769582844	28.93821990381723	2.085e+52	1.6928538096278616	0.0006438784769950756	5.105e+54
1.470e+01	9.994e-01	1.107e+52	29.702742281393217	850/LOGS/profile92	9.848517824040616	7.700e-01	27.11350274920664	0.6108137671435814	32.96903292982626	5.459e+52	1.97512797824305	0.0006252183217659327	30.79569600634496	2.281e+52	1.7584184747431955	0.0006038948397425698	5.499e+54
1.567e+01	9.994e-01	1.206e+52	31.511846696937234	851/LOGS/profile4	10.196171532157786	7.759e-01	28.680375816972226	0.6490507386720687	34.965527226662836	5.933e+52	2.0389131789717156	0.0006027102320990775	32.61754718394816	2.430e+52	1.8265441479463485	0.0005739456764537349	5.887e+54
1.688e+01	9.994e-01	1.304e+52	33.315232421953475	852/LOGS/profile96	10.536849754539437	9.856e-01	29.65670266172453	0.5347001603742496	36.957824447450854	6.413e+52	2.10585154688013	0.0005826778774944924	34.4427848867033	2.591e+52	1.8920896102964384	0.0005529114698191618	6.377e+54
1.788e+01	9.994e-01	1.409e+52	35.0460481515306	853/LOGS/profile91	10.845726977753548	1.039e+00	31.542457952370324	0.5389947885835039	38.95171661594441	6.906e+52	2.158142861095468	0.0005634375571533755	36.233907907009055	2.750e+52	1.918769243580533	0.0005383934433692912	6.777e+54
1.853e+01	9.994e-01	1.571e+52	37.07964675363905	854/LOGS/profile82	11.212706549742586	7.928e-01	33.171812594773215	0.8296912698518059	40.95258459834222	7.455e+52	2.257681713929426	0.0005494968436488144	38.2087032324183	3.080e+52	2.0140972194668154	0.0005310538030658099	7.038e+54
1.980e+01	9.994e-01	1.629e+52	38.68624106303162	855/LOGS/profile93	11.527440493503923	9.783e-01	34.609897766404025	0.6480031867708961	42.951087456630745	7.964e+52	2.28069758451289	0.0005330961093434525	39.87925183084971	3.094e+52	2.0636008423982224	0.000494730751402264	7.548e+54
2.074e+01	9.994e-01	1.737e+52	40.46176745744032	856/LOGS/profile94	11.76385344742582	9.436e-01	36.682617520596736	0.701580160562945	44.94466211618198	8.474e+52	2.328263853869442	0.0005180352720922438	41.66798670368359	3.226e+52	2.097897506005433	0.00047693741667302733	7.927e+54
2.175e+01	9.994e-01	1.891e+52	42.41353142974357	857/LOGS/profile88	12.108842237235017	9.665e-01	38.060591805687345	0.7631090741776401	46.93685777761434	9.015e+52	2.4170136131577724	0.0005034950528078084	43.59353723052829	3.515e+52	2.166276870461009	0.00046913049599079233	8.331e+54
2.291e+01	9.994e-01	1.953e+52	44.05122133277835	858/LOGS/profile87	12.36278084850075	1.107e+00	40.612673256445724	0.6406241861675827	48.93891163508246	9.561e+52	2.4462315892907536	0.0004911421583700323	45.285911311844075	3.550e+52	2.215216248199784	0.00043615648157169354	8.799e+54
2.366e+01	9.994e-01	2.089e+52	45.91475469789175	859/LOGS/profile15	12.69803769000974	9.079e-01	41.85762373839528	0.8567987285707671	50.92527333665846	1.006e+53	2.508108487533513	0.00047681359861016846	47.124877834081936	3.729e+52	2.270379124292552	0.00042332002124392674	9.097e+54
2.465e+01	9.994e-01	2.236e+52	47.833832493475434	860/LOGS/profile94	12.99547817816196	9.112e-01	43.406262308088294	0.9165177924737474	52.9300532669149	1.042e+53	2.5687504007273314	0.00045832327325645117	49.04821790510429	3.949e+52	2.307555893174339	0.00041290616013761974	9.494e+54
2.552e+01	9.994e-01	2.423e+52	49.69829602546195	861/LOGS/profile86	13.260554796313787	9.224e-01	45.6885853859458	1.0027657482832035	54.9314681031732	1.104e+53	2.614431103735773	0.0004488612633006805	50.92712354032286	4.262e+52	2.3404727220372035	0.0004171646582859985	9.844e+54
2.678e+01	9.994e-01	2.529e+52	51.499429645512784	862/LOGS/profile2	13.5426194645177	1.052e+00	46.70601383851322	0.8885931551702728	56.924717105426815	1.154e+53	2.6660456293913652	0.00043735129171015586	52.72649709742692	4.398e+52	2.3934396012330392	0.0003935947262903773	1.035e+55
2.813e+01	9.994e-01	2.552e+52	53.141409787167206	863/LOGS/profile92	13.786248686133833	1.238e+00	48.21657854028329	0.7105237931107286	58.88964302410802	1.202e+53	2.714039042338793	0.0004268884637934467	54.4195635523837	4.383e+52	2.4634010375482	0.0003782925337752281	1.089e+55
2.900e+01	9.994e-01	2.807e+52	55.07737955437956	864/LOGS/profile96	14.042580504535456	1.235e+00	49.92714803344204	0.8167113327453746	60.90262436042892	1.262e+53	2.7458145306098958	0.0004164600969345655	56.34240510103941	4.773e+52	2.4631953993957736	0.000381644309674368	1.124e+55
2.998e+01	9.994e-01	2.759e+52	56.50964391034432	865/LOGS/profile83	14.201378765015788	1.085e+00	51.38500314648205	0.845648648627593	62.90418357048738	1.342e+53	2.773117153057792	0.0004151954324874654	57.804365340392295	4.581e+52	2.557551656133787	0.000354177212205321	1.164e+55
3.090e+01	9.994e-01	2.937e+52	58.43968642789757	866/LOGS/profile80	14.501331044646745	1.071e+00	52.7404546224553	0.9319945134171953	64.87323491460225	1.397e+53	2.8529819768216154	0.00040653216974155586	59.69345525232133	4.841e+52	2.5989005030949333	0.00034009754723791794	1.201e+55
3.214e+01	9.994e-01	2.999e+52	60.16037275052815	867/LOGS/profile22	14.678073339356512	1.124e+00	55.022114717960385	0.8666779391380965	66.84856974934378	1.447e+53	2.9046705797929793	0.0003982177232508837	61.404555801553926	4.846e+52	2.6603840763088478	0.0003240190550553037	1.251e+55
3.275e+01	9.994e-01	3.319e+52	62.1505195736295	868/LOGS/profile97	14.987648682725302	1.053e+00	56.91707980313068	1.1003344776813944	68.87855374262786	1.509e+53	2.9318601421749175	0.0003884891658006476	63.40872967370578	5.355e+52	2.6285879606322933	0.00033626187416890493	1.275e+55
3.408e+01	9.994e-01	3.265e+52	63.78201335970171	869/LOGS/profile7	15.220337969235244	1.081e+00	58.36783980056674	0.9616797679058983	70.83521964350817	1.559e+53	2.989591277205863	0.0003802923676911575	65.0246083763466	5.192e+52	2.7423725573812088	0.0003122182106127862	1.329e+55
3.511e+01	9.994e-01	3.387e+52	65.54349757226737	870/LOGS/profile20	15.467730201987672	1.099e+00	59.92560848803974	0.9771904594829292	72.86942184510731	1.624e+53	3.029966990207474	0.0003725478579323528	66.79747392374205	5.346e+52	2.7967852097967594	0.000303388588183456	1.370e+55
3.612e+01	9.994e-01	3.465e+52	67.28009957951112	871/LOGS/profile8	15.677133045585904	1.072e+00	61.03767776336535	0.9857997818809707	74.87897832150638	1.690e+53	3.0693436030496324	0.00036715032983453496	68.51720065377656	5.387e+52	2.8536500205550155	0.00029278566579943576	1.411e+55
3.678e+01	9.994e-01	3.711e+52	69.20926159735438	872/LOGS/profile5	15.898136685068682	9.727e-01	63.39518563879828	1.2286688929227956	76.80142308757007	1.731e+53	3.1278696365432976	0.0003610586485472698	70.4426155223562	5.736e+52	2.843426953917813	0.00028887872778437753	1.437e+55
3.818e+01	9.994e-01	3.742e+52	70.91122945209221	873/LOGS/profile80	16.193346197754074	1.094e+00	65.27664153415621	1.0386689963737505	78.83278437903327	1.794e+53	3.169789453527139	0.00035478741554733674	72.13068554786835	5.701e+52	2.9296305017216255	0.00027547288816359174	1.493e+55
3.772e+00	4.170e-01	4.526e+50	4.657941541529607	874/LOGS/profile25	105.2965150718639	1.861e-02	2.7931290292807938	1.8348142006509882	4.999379232775278	2.547e+51	1.9989459435960182	0.0015924431419938542	4.884229155818866	1.763e+51	1.9989459435960182	0.0016795478930862232	1.385e+52
5.518e+00	4.481e-01	6.179e+50	6.425105183272919	875/LOGS/profile76	71.94857309965288	2.495e-02	4.366524450503815	1.1010244343825422	6.997918575733979	4.688e+51	1.3675611744708112	0.0013993676918417366	6.774779363564403	2.897e+51	1.3675611744708112	0.0014188031818293775	1.759e+52
7.221e+00	4.969e-01	8.105e+50	8.167633544543033	876/LOGS/profile93	55.89231410894254	2.654e-02	5.972562940841317	0.9598860444469774	8.997899687369454	7.146e+51	1.1235173966380316	0.0012333264439662421	8.62745061793204	3.907e+51	1.1235173966380316	0.0012722386432944997	2.536e+52
8.739e+00	5.046e-01	1.288e+51	9.983477105177293	877/LOGS/profile81	67.2510920116321	4.143e-02	7.079431889370522	1.0142474377685506	10.986598473462925	1.013e+52	1.3341457805742052	0.0011414970065363737	10.508487991033014	5.427e+51	1.3341457805742052	0.0011102677973042069	3.270e+52
1.023e+01	8.384e-01	2.225e+51	11.807144765529847	878/LOGS/profile5	23.716631245556382	1.279e-01	9.357051409924933	0.5190810497103401	12.979558899989765	1.327e+52	1.2515554561828934	0.0010492998271333588	12.36227861090772	6.733e+51	1.1320819359544876	0.0010300668926009897	1.204e+53
1.109e+01	9.736e-01	3.066e+51	13.57468692737209	879/LOGS/profile84	16.046533395284094	1.779e-01	11.192791133552596	0.513768802461235	14.971918327329073	1.664e+52	1.3162810489019041	0.0009730960788972997	14.192094346610475	8.037e+51	1.1621261349305982	0.0009969961834553527	5.813e+53
1.281e+01	9.677e-01	3.771e+51	15.441440798543342	880/LOGS/profile97	17.94755871238802	2.222e-01	12.598500056885786	0.4601639971290274	16.98809954145529	2.019e+52	1.430025164764745	0.0009058191316983477	16.107744139279987	9.765e+51	1.2813837209656984	0.0008894390495108986	6.071e+53
8.082e+00	9.994e-01	4.679e+51	17.173593263640875	881/LOGS/profile94	7.118426914686751	5.454e-01	14.666563295797058	0.42699511455137645	18.980836089806548	2.401e+52	1.4932442068809921	0.0008555035212657232	17.91329093678299	1.106e+52	1.3048329598213826	0.000857312226044769	2.842e+54
8.845e+00	9.994e-01	5.473e+51	18.907103935524585	882/LOGS/profile95	7.583119546253394	5.490e-01	16.61157776668713	0.4904280970689703	20.926961648641633	2.814e+52	1.5692239002303328	0.0008184253628066263	19.6971963122166	1.257e+52	1.3719366355844702	0.0008204281426680164	3.150e+54
9.847e+00	9.994e-01	6.308e+51	20.692018078257483	883/LOGS/profile89	8.017537530013508	6.463e-01	18.39177965157916	0.46381870407969156	22.918622090445915	3.247e+52	1.6511225390604525	0.0007820170449299112	21.534103879474166	1.424e+52	1.4523671729715046	0.0007706345885447175	3.551e+54
1.065e+01	9.994e-01	7.213e+51	22.445268524838013	884/LOGS/profile77	8.417609152108463	5.937e-01	19.754143147476576	0.5613134783004353	24.90713363859691	3.709e+52	1.716851038806674	0.0007521829807575792	23.339345865240194	1.581e+52	1.5079744557003052	0.0007335394414014142	3.873e+54
1.163e+01	9.994e-01	8.092e+51	24.23342218387581	885/LOGS/profile79	8.774992679054998	6.283e-01	21.828057019170448	0.5901803686076488	26.89336870741537	4.168e+52	1.7857934842216014	0.0007220943033695668	25.165504993906023	1.751e+52	1.583392845100269	0.0006925416706435273	4.266e+54
1.270e+01	9.994e-01	9.023e+51	26.03407416365447	886/LOGS/profile92	9.154878228422307	7.203e-01	23.506013216538978	0.5575856345803529	28.904554175165487	4.638e+52	1.8516983468784791	0.0006932017323343502	27.006898037608924	1.919e+52	1.6479135210028104	0.0006588490546835118	4.698e+54
1.358e+01	9.994e-01	1.007e+52	27.953042584420906	887/LOGS/profile89	9.494208331676418	6.672e-01	24.79396319921908	0.6818978252034006	30.87943147241849	5.140e+52	1.9653816292420274	0.0006710332523145485	28.929325857411836	2.195e+52	1.7829047588647406	0.0006412984014855382	5.050e+54
1.452e+01	9.994e-01	1.094e+52	29.549831815886712	888/LOGS/profile81	9.807307577828777	6.949e-01	26.59157855756859	0.6533873650640026	32.88835345492046	5.633e+52	1.9779486888570936	0.0006465338953479638	30.61479584707445	2.242e+52	1.7616107069286147	0.0006070983050898645	5.426e+54
1.575e+01	9.994e-01	1.201e+52	31.419370026443147	889/LOGS/profile90	10.186336957629983	8.905e-01	28.782089219402398	0.5612899695832692	34.95727928083862	6.135e+52	2.038625598727379	0.0006228337971319112	32.509486512132746	2.417e+52	1.8255613760603864	0.000581726418262579	5.924e+54
1.680e+01	9.994e-01	1.299e+52	33.20122455140248	890/LOGS/profile97	10.535362019215766	9.829e-01	29.872559632088233	0.5358190912285244	36.9507433385431	6.640e+52	2.1090350636590167	0.0006015295962397952	34.32437229706109	2.581e+52	1.8886993529848193	0.0005543457021766948	6.341e+54
1.767e+01	9.994e-01	1.411e+52	35.0214023916905	891/LOGS/profile86	10.868147968230915	8.755e-01	31.487818676293927	0.6477707134076709	38.94973569341243	7.168e+52	2.1722531675750547	0.0005828799886460752	36.151898579525955	2.758e+52	1.9480485162778993	0.0005298300233588225	6.693e+54
1.864e+01	9.994e-01	1.515e+52	36.779911264275455	892/LOGS/profile84	11.155224154787907	8.849e-01	33.40533255344353	0.6770996935600345	40.93905507017487	7.720e+52	2.2289408856954727	0.0005682557029066332	37.92548275774694	2.900e+52	2.00234351640554	0.0005149474771870386	7.080e+54
1.961e+01	9.994e-01	1.617e+52	38.47243765139296	893/LOGS/profile88	11.479463157343112	9.268e-01	34.38823695385544	0.6830147684318538	42.866461493656814	8.291e+52	2.27978504028487	0.0005566445574372946	39.64161270761735	3.056e+52	2.0548991189692143	0.0005004348737632753	7.471e+54
2.042e+01	9.994e-01	1.720e+52	40.189707595151354	894/LOGS/profile89	11.732470347087595	8.028e-01	36.407868930754994	0.8273989323642899	44.85779874183131	8.831e+52	2.3171151399419556	0.0005409905982468968	41.408223271684655	3.198e+52	2.0865602135321635	0.00047425025705450687	7.800e+54
2.172e+01	9.994e-01	1.829e+52	42.01082037494116	895/LOGS/profile94	12.02436367710721	1.067e+00	37.98467363083434	0.6356950289170881	46.84943068186528	9.407e+52	2.3883115243657764	0.0005254577216922784	43.21295471077402	3.354e+52	2.153498540806191	0.0004607121436875362	8.322e+54
2.277e+01	9.994e-01	1.927e+52	43.73943493762041	896/LOGS/profile86	12.355598743498309	1.125e+00	39.54302462164546	0.6280741827861815	48.838543439063386	9.965e+52	2.4314327716189457	0.0005125727644000009	44.98806634889104	3.503e+52	2.197173817697961	0.00044217660296930677	8.740e+54
2.339e+01	9.994e-01	2.048e+52	45.55559982058276	897/LOGS/profile82	12.612618686707558	8.452e-01	41.28038182761539	0.8955738018632116	50.84855379605651	1.054e+53	2.4874566046466358	0.0004988933950214508	46.79387441897629	3.658e+52	2.2509083961916687	0.00042432517759581487	8.989e+54
2.458e+01	9.994e-01	2.210e+52	47.47480699219025	898/LOGS/profile85	12.901898521155116	9.901e-01	43.248622649240886	0.8290416737415255	52.840776880544475	1.110e+53	2.5663418621332057	0.00048644628859359967	48.6959148410146	3.931e+52	2.3049895237559457	0.00041683179668170324	9.465e+54
2.537e+01	9.994e-01	2.280e+52	49.06642329182539	899/LOGS/profile79	13.138200961628907	8.757e-01	44.37464481889465	0.9356118977758452	54.82035659764207	1.173e+53	2.5779765101219976	0.0004792423298047598	50.32641648370742	3.953e+52	2.3415797028438816	0.0004044111340947624	9.787e+54
2.630e+01	9.994e-01	2.459e+52	51.02636487032618	900/LOGS/profile88	13.462908017734662	8.595e-01	46.755047266068104	1.1617001222219172	56.82241333811743	1.229e+53	2.6672824799906776	0.000467468808755064	52.265698412663575	4.266e+52	2.3933351547931556	0.0003937563162485956	1.016e+55
2.775e+01	9.994e-01	2.652e+52	52.8971637443005	901/LOGS/profile90	13.734477959478959	1.193e+00	47.74800914576064	0.7982609859525633	58.83920785202488	1.293e+53	2.6932823672999984	0.0004581340362075651	54.16739993516528	4.605e+52	2.417977508881474	0.0003948077452486215	1.074e+55
2.861e+01	9.994e-01	2.759e+52	54.65199288832014	902/LOGS/profile90	13.977742687206206	1.076e+00	49.59080882654258	0.9275415026762684	60.83833425078568	1.355e+53	2.756322308349048	0.0004449863162113495	55.900851676767715	4.689e+52	2.4677963862065626	0.0003814654723323743	1.109e+55
2.968e+01	9.994e-01	2.769e+52	56.29375673145304	903/LOGS/profile92	14.17861544253805	1.041e+00	51.4918936305838	0.8969539201645114	62.83219469734117	1.415e+53	2.808710118811171	0.00043627613160876835	57.54777841100329	4.619e+52	2.5546904512730353	0.0003535044956722749	1.152e+55
3.059e+01	9.994e-01	3.034e+52	58.20316251039283	904/LOGS/profile97	14.474951058368047	1.131e+00	52.62171744330942	0.9516264766902602	64.78897130646473	1.472e+53	2.838941579230756	0.0004267819695481085	59.47034622440157	5.039e+52	2.5410673726344184	0.00036107221857953705	1.188e+55
3.174e+01	9.994e-01	3.000e+52	59.83259537631099	905/LOGS/profile80	14.711361547676493	1.064e+00	54.8059433934241	0.9283808202279306	66.78317182228983	1.529e+53	2.899853616020848	0.0004206976269946375	61.0738677255756	4.865e+52	2.6469560521377704	0.0003303293102043858	1.235e+55
3.239e+01	9.994e-01	3.110e+52	61.61270254736069	906/LOGS/profile79	14.943952627376767	9.132e-01	56.35453199968397	1.0797248299270148	68.83243017611153	1.600e+53	2.945840541506374	0.0004107607040138152	62.8649915893553	5.020e+52	2.698555515473545	0.0003187574896259757	1.260e+55
3.381e+01	9.994e-01	3.230e+52	63.365467450490655	907/LOGS/profile94	15.183957328289893	1.084e+00	57.528377971960495	0.9503294954612352	70.78028470933873	1.653e+53	2.9988869662383277	0.0004010742404639127	64.6099778196892	5.146e+52	2.7369068316261296	0.00030954199771349216	1.318e+55
3.505e+01	9.994e-01	3.310e+52	65.11183302466375	908/LOGS/profile84	15.427113777318448	1.235e+00	59.80021814985279	0.8292022477684159	72.83094897597844	1.726e+53	3.0420721853709893	0.0003955601269844904	66.36654082042293	5.223e+52	2.7946940140844045	0.0003012034909037102	1.367e+55
3.589e+01	9.994e-01	3.415e+52	66.83998681220962	909/LOGS/profile29	15.61970743174414	1.044e+00	61.04600402430898	0.9955271736027513	74.71057249727525	1.766e+53	3.0828062850855407	0.0003884507564182992	68.07984176120641	5.317e+52	2.8439013371359176	0.0002946600827435319	1.401e+55
3.703e+01	9.994e-01	3.559e+52	68.77775492146125	910/LOGS/profile20	15.777726320708094	1.066e+00	62.476386281572495	1.010897611731564	76.75318159048916	1.804e+53	3.1280715971991113	0.00037607330179434016	69.99031742378278	5.449e+52	2.8928607082867	0.0002847207238367524	1.447e+55
