Mbh		 abh		 AMexp		  Mexp		 filename		 tff			 Md			 Mco			 Rexp			  MHe_form			  AMfinal_He_form			 R_He_form			  Omega_mean_He_form			  MHe_dep			  AMfinal_He_dep			 R_He_dep			  Omega_mean_He_dep			 Eacc
2.777e+01	9.994e-01	3.084e+52	60.487535861628196	600/LOGS/profile80	14.81739714967991	7.225e-01	54.799173750868036	1.0322075759038534	64.93289402085601	8.710e+52	2.7753964898008205	0.0002565056943595324	61.412015077288615	4.525e+52	2.5395876842454257	0.000301375780553343	1.075e+55
2.859e+01	9.994e-01	3.219e+52	62.357098643339214	601/LOGS/profile80	15.046982757954632	7.264e-01	56.90236543838874	1.0672015373311954	66.92660417548433	9.029e+52	2.8300342455514658	0.00025004306869394173	63.25404736390983	4.634e+52	2.585568162276131	0.0002912169139923744	1.108e+55
2.958e+01	9.994e-01	3.354e+52	64.1823735354107	602/LOGS/profile84	15.277875235619089	7.449e-01	58.00030455250314	1.0720207959278063	68.90607013738321	9.335e+52	2.8558244168685154	0.00024390210979510256	65.07584931874902	4.771e+52	2.6032609782111082	0.00028629864530181284	1.147e+55
3.061e+01	9.994e-01	3.458e+52	66.00375480046426	603/LOGS/profile85	15.538815961341875	7.476e-01	60.282676543744955	1.0807180175285294	70.91977399671823	9.710e+52	2.8942492807518585	0.00023950184570541172	66.90182364183671	4.891e+52	2.6493988062780405	0.0002763737368037574	1.189e+55
3.151e+01	9.994e-01	3.578e+52	67.84444623549017	604/LOGS/profile81	15.734349586870108	7.357e-01	61.38448039996018	1.1157467062579205	72.89373735367731	1.002e+53	2.944257854168523	0.00023360466067101477	68.72354378463878	4.991e+52	2.700700307984965	0.00026635655083089975	1.225e+55
3.159e+01	9.994e-01	3.741e+52	69.66160987771032	605/LOGS/profile72	16.05408200514613	6.394e-01	63.62729023942643	1.3114053835053292	74.90372453521245	1.042e+53	2.9750884942670694	0.0002300409032940739	70.53677677406661	5.149e+52	2.7133624533650353	0.0002624287669455312	1.228e+55
3.369e+01	9.994e-01	3.833e+52	71.48135360727116	606/LOGS/profile81	16.223355211146092	8.340e-01	64.9613629111097	1.0288163662838117	76.90501869080701	1.076e+53	3.0172649436555354	0.0002252108411494842	72.34805781488481	5.231e+52	2.7637999604781607	0.00025046854428735445	1.312e+55
3.440e+01	9.994e-01	3.997e+52	73.3277221129792	607/LOGS/profile80	16.43495778463063	7.810e-01	66.39886981656525	1.1451518278832806	78.88678501230359	1.107e+53	3.0487333927969864	0.0002205688122584811	74.181327708188	5.382e+52	2.7867934320239813	0.00024595398225795264	1.341e+55
3.830e+00	3.801e-01	4.268e+50	4.715234811158932	608/LOGS/profile6	92.99628885137399	1.186e-02	2.9154796732238295	1.5355959771111916	4.999557117692086	2.061e+51	1.748008667755253	0.0013257031889595912	4.9581902516265615	1.814e+51	1.748008667755253	0.001674674557709742	6.604e+51
5.552e+00	4.296e-01	6.369e+50	6.543397694836671	609/LOGS/profile71	66.49851167453502	1.606e-02	4.48921440160638	1.0938436687832231	6.998949049406877	3.608e+51	1.2701001328123138	0.0010975932598278589	6.909332385821624	2.989e+51	1.2701001328123138	0.001380472865334288	8.972e+51
7.089e+00	4.334e-01	1.071e+51	8.418794862410344	610/LOGS/profile75	83.61472011136371	2.116e-02	5.63308610765742	1.3036743368181132	8.99818898459145	5.375e+51	1.5316661679644141	0.0009457056315189974	8.84574846109481	4.213e+51	1.5316661679644141	0.0012236043072281228	1.199e+52
8.867e+00	5.808e-01	1.451e+51	10.255221195504443	611/LOGS/profile82	41.867234523972535	4.202e-02	7.78417555777045	0.7679739060582395	10.99759718275414	7.388e+51	1.1362020618821314	0.0008425014937841389	10.79248822963625	5.708e+51	1.0532397525045885	0.0010997168183432084	2.501e+52
1.044e+01	6.975e-01	2.166e+51	12.138535608181467	612/LOGS/profile92	32.711535296889515	7.504e-02	9.408008097198474	0.6326443625172392	12.996526944628055	9.514e+51	1.2404260370798328	0.0007618806265246744	12.683521543976527	6.772e+51	1.1002812430698508	0.0010686254075890631	5.078e+52
1.198e+01	8.051e-01	3.077e+51	14.033294618054082	613/LOGS/profile8	26.361353891799943	1.087e-01	11.042578680653767	0.606400052297767	14.993680768612242	1.176e+52	1.3329520656515672	0.0006994052016133035	14.672821285285476	8.893e+51	1.2519910153303404	0.0009339172340531785	1.017e+53
1.313e+01	9.285e-01	3.963e+51	15.88873972533924	614/LOGS/profile93	20.19467010217755	1.484e-01	12.876474522373734	0.49931438191936806	16.993231286628074	1.420e+52	1.4056260999439703	0.0006493232990749094	16.553073030168793	1.015e+52	1.3014442469319512	0.0008829123996319137	3.506e+53
7.090e+00	9.994e-01	4.876e+51	17.73976000997945	615/LOGS/profile86	7.2438959505353	3.390e-01	15.274328777115633	0.5542482256925572	18.992218847829253	1.677e+52	1.4742818153563189	0.0006073329033727604	18.459742066385672	1.177e+52	1.3649976752873172	0.0008403518230397545	2.443e+54
7.857e+00	9.994e-01	5.752e+51	19.5891730408655	616/LOGS/profile89	7.665845954289853	4.274e-01	16.982149666530134	0.5107451789023499	20.99031167281829	1.956e+52	1.5610843756713202	0.0005750073138609687	20.362900651572595	1.346e+52	1.4405167145932856	0.0007900402173371279	2.749e+54
8.637e+00	9.994e-01	6.632e+51	21.474518438316654	617/LOGS/profile91	8.104977122750277	4.220e-01	18.717449660087894	0.5818616787657918	22.9890231411067	2.240e+52	1.6543917002457307	0.0005451507906027816	22.27194436355794	1.515e+52	1.531825826893955	0.0007380286158833261	3.064e+54
9.361e+00	9.994e-01	7.579e+51	23.315731130258342	618/LOGS/profile87	8.546197027492676	4.577e-01	20.631324873474835	0.6012806411508821	24.987179985760765	2.544e+52	1.7187204534583067	0.0005214905739168426	24.16061062654891	1.686e+52	1.5978523952890296	0.0007067773650004346	3.353e+54
1.003e+01	9.994e-01	8.545e+51	25.159988178656764	619/LOGS/profile82	8.924207919229135	4.363e-01	22.019027970427175	0.7583392309292812	26.98501556810093	2.847e+52	1.7806633464230102	0.0004981523734058438	26.05064581318005	1.858e+52	1.6545837602665978	0.0006567470585709322	3.623e+54
1.093e+01	9.994e-01	9.584e+51	27.042563739075227	620/LOGS/profile86	9.271456138991898	4.569e-01	24.24661230790802	0.7158556024711185	28.98337665951657	3.128e+52	1.8551434445712498	0.00047278376120928853	27.945472273223196	2.016e+52	1.7134793465918274	0.0006312894820026756	3.983e+54
1.179e+01	9.994e-01	1.063e+52	28.880771435941895	621/LOGS/profile81	9.692942236979125	4.731e-01	26.122614484192724	0.7452722250519149	30.978758069633766	3.466e+52	1.9224657044769873	0.0004570746967411868	29.80461698511151	2.172e+52	1.7627888295190115	0.0005987111998567892	4.328e+54
1.273e+01	9.994e-01	1.162e+52	30.768475533851326	622/LOGS/profile2	10.017290240145087	5.026e-01	27.425276163159186	0.752244179060873	32.977201532917306	3.761e+52	1.9809618668462496	0.0004367716208209977	31.72027933168452	2.359e+52	1.851891843269806	0.0005639561845300782	4.707e+54
1.378e+01	9.994e-01	1.290e+52	32.5964671507815	623/LOGS/profile98	10.433630770835327	5.682e-01	29.46423514786974	0.7185393825315876	34.97462410218975	4.075e+52	2.025187338888924	0.0004196671989504592	33.555764135310824	2.492e+52	1.8446391493209924	0.0005574932835203739	5.126e+54
1.446e+01	9.994e-01	1.392e+52	34.454907273645084	624/LOGS/profile86	10.710140519779406	5.172e-01	31.57613590720986	0.9051840485873833	36.97365234044922	4.399e+52	2.0935630284702227	0.0004044787667497123	35.431944719296034	2.646e+52	1.9152838686632945	0.0005183390228712363	5.400e+54
1.574e+01	9.994e-01	1.501e+52	36.270366350299774	625/LOGS/profile87	11.05695749537946	6.380e-01	33.540683459562985	0.7111240286800637	38.97102539504507	4.727e+52	2.1387744431051843	0.00039053695176234323	37.27747903779983	2.789e+52	1.952765275152112	0.0005071476916431763	5.914e+54
1.667e+01	9.994e-01	1.601e+52	38.065665709509396	626/LOGS/profile91	11.373887721123015	6.434e-01	34.64926996342858	0.7196530444124252	40.96352026837995	5.080e+52	2.1840096972718093	0.00037927442963596057	39.10706014605267	2.929e+52	2.007541927842973	0.0004814164301272593	6.289e+54
1.787e+01	9.994e-01	1.716e+52	39.978821098831055	627/LOGS/profile90	11.68425499547181	7.588e-01	36.19530394467889	0.6601200771237195	42.96244840250927	5.413e+52	2.2663941668800973	0.00036693040261221707	41.01965855584074	3.117e+52	2.0831527203180102	0.00045481807884577107	6.771e+54
1.819e+01	9.994e-01	1.862e+52	41.85359110009306	628/LOGS/profile2	12.014259344839187	6.040e-01	37.58389866200191	0.8837267478855455	44.96190932481832	5.753e+52	2.3034686724680697	0.00035542309869822185	42.869974566435964	3.274e+52	2.0997691222491417	0.000445574187824994	6.899e+54
1.923e+01	9.994e-01	1.963e+52	43.70081730629225	629/LOGS/profile94	12.27573855153808	6.368e-01	40.33535385411857	0.861144540029985	46.95820393572467	6.113e+52	2.3742386943529774	0.00034582857158207725	44.730805759035206	3.420e+52	2.183639248526886	0.0004225295680472104	7.315e+54
2.022e+01	9.994e-01	2.112e+52	45.540083311468564	630/LOGS/profile93	12.62443151874622	6.974e-01	42.257340649405045	0.8479401213701676	48.9523566854121	6.460e+52	2.3973399865415477	0.00033598428070765737	46.5775670391304	3.601e+52	2.1851001880474215	0.0004103909910997487	7.714e+54
2.151e+01	9.994e-01	2.227e+52	47.38472424349643	631/LOGS/profile92	12.919733506422022	7.917e-01	43.08715963956238	0.7796479942104494	50.9513760461741	6.796e+52	2.450790795631081	0.00032592926577106697	48.42761978811204	3.739e+52	2.2342705407293377	0.00039483446881743436	8.230e+54
2.240e+01	9.994e-01	2.351e+52	49.23410883427043	632/LOGS/profile97	13.15352949456145	8.083e-01	44.82329569185745	0.7964905667806504	52.94624027053658	7.140e+52	2.5008100515136857	0.0003170782675369891	50.27263277019589	3.880e+52	2.27802371221868	0.00038684751192725846	8.587e+54
2.293e+01	9.994e-01	2.480e+52	51.074101454558146	633/LOGS/profile88	13.47516956577864	7.135e-01	46.47962773651239	0.9272047942400198	54.944246783958846	7.548e+52	2.5568092189073437	0.00031073364242165466	52.101887592937395	4.025e+52	2.326931355306246	0.00037277442022508545	8.802e+54
2.391e+01	9.994e-01	2.595e+52	52.92228429410571	634/LOGS/profile85	13.75208245073371	7.221e-01	48.39781320698768	0.9427039872493524	56.94421329256857	7.885e+52	2.612267274491703	0.0003019529060638982	53.94959302556386	4.154e+52	2.3827226069325826	0.0003557861202687727	9.195e+54
2.482e+01	9.994e-01	2.718e+52	54.73998697203706	635/LOGS/profile83	14.007326681148989	7.316e-01	49.11374908455832	0.954291304324404	58.93922383509945	8.239e+52	2.6479722320749395	0.00029430560487426235	55.766134081883315	4.277e+52	2.4223954147205324	0.0003451617242409174	9.556e+54
2.583e+01	9.994e-01	2.833e+52	56.587698682687645	636/LOGS/profile87	14.244067034445171	7.281e-01	51.45487407155645	0.9777966939163988	60.92671233946205	8.600e+52	2.7036979001409707	0.00028729860427874283	57.600224143582906	4.403e+52	2.468287777384901	0.00033504712844214857	9.966e+54
2.645e+01	9.994e-01	2.980e+52	58.429762241372025	637/LOGS/profile91	14.48346686673315	6.989e-01	52.71295615263608	1.0701102042578694	62.93233136532354	8.980e+52	2.7402146680113497	0.00028108913711472104	59.43321163221311	4.556e+52	2.497509809827721	0.0003215088859616956	1.021e+55
2.765e+01	9.994e-01	3.088e+52	60.24886464210324	638/LOGS/profile88	14.760142121613743	7.395e-01	54.54570771190983	1.0281191745990372	64.89310249577879	9.335e+52	2.7925760122153687	0.0002750492195131392	61.25867058981034	4.688e+52	2.5528133860271787	0.0003116384833691901	1.070e+55
2.855e+01	9.994e-01	3.196e+52	62.07401366108055	639/LOGS/profile93	14.988065585945465	7.438e-01	56.299163025509564	1.0367920408791904	66.89363496178008	9.687e+52	2.838220828352054	0.00026888261047419406	63.07503970569882	4.788e+52	2.602727468040967	0.0002992949054212252	1.106e+55
2.943e+01	9.994e-01	3.332e+52	63.92871552032526	640/LOGS/profile92	15.224245703603529	7.421e-01	57.779267295896084	1.0725817359593948	68.91393668793737	1.007e+53	2.889541886525737	0.0002626621457836395	64.91658752897382	4.920e+52	2.6397302664153215	0.00029124006634660167	1.141e+55
3.011e+01	9.994e-01	3.510e+52	65.74389052934869	641/LOGS/profile78	15.503117268274554	7.341e-01	60.21508384419649	1.1427005630091127	70.91897468211202	1.046e+53	2.906414693515053	0.00025786736186780287	66.72901610057735	5.096e+52	2.645158744884869	0.00028891762303248777	1.168e+55
3.139e+01	9.994e-01	3.607e+52	67.57433775737195	642/LOGS/profile87	15.692412244138444	7.654e-01	61.271307531663325	1.0951371504708922	72.89709777558733	1.080e+53	2.9451857976225813	0.0002517787213942375	68.55803444170994	5.209e+52	2.703128126728404	0.00027695036687545903	1.220e+55
3.223e+01	9.994e-01	3.709e+52	69.38975497764554	643/LOGS/profile80	16.001856153236417	7.540e-01	62.566883122219906	1.1247428605450212	74.89858531199245	1.122e+53	3.0129675290127222	0.00024763163959441514	70.35375738580476	5.288e+52	2.759877052284317	0.0002666883331366877	1.254e+55
3.354e+01	9.994e-01	3.788e+52	71.14931144760773	644/LOGS/profile5	16.158151904901562	7.660e-01	64.58477751751286	1.0862985535811363	76.90402611940354	1.160e+53	3.0393469041902783	0.00024277241953211742	72.1377707196201	5.398e+52	2.812184201310479	0.0002636855938228056	1.306e+55
3.404e+01	9.994e-01	3.995e+52	73.04289057457993	645/LOGS/profile82	16.411444903451876	7.806e-01	66.33063643979045	1.1495483008045768	78.87683233480699	1.192e+53	3.0676085377174616	0.0002376181258677498	73.97929188203062	5.544e+52	2.8111527563010865	0.0002549741094877129	1.326e+55
3.720e+00	3.863e-01	4.868e+50	4.717139698058518	646/LOGS/profile17	108.0228592368448	1.217e-02	2.7667658222749454	1.726981994498187	4.999534634690195	2.159e+51	1.9355149070898996	0.0013877761660291295	4.943756601072677	1.810e+51	1.9355149070898996	0.0016933820023497341	6.923e+51
5.473e+00	4.170e-01	6.660e+50	6.53379078746459	647/LOGS/profile1	74.67378164412769	1.607e-02	4.345992608807686	1.2666175535467703	6.99893803935188	3.768e+51	1.4584669945515427	0.0011441476766695467	6.8879536840495845	2.967e+51	1.4584669945515427	0.001390973517857289	9.032e+51
7.234e+00	5.662e-01	9.759e+50	8.353040485611375	648/LOGS/profile95	38.48111024514053	3.067e-02	6.237436346813529	0.7492913054934149	8.998248090401129	5.692e+51	1.0442915448294583	0.0009981373886543063	8.81354848319733	4.203e+51	0.9414592891862479	0.0012229356455333753	1.697e+52
8.832e+00	5.960e-01	1.444e+51	10.216096971112526	649/LOGS/profile92	40.78904672586388	4.226e-02	7.714502764661399	0.748297229174724	10.996719123562567	7.835e+51	1.157869015695103	0.0008959824692446363	10.744054461457685	5.611e+51	1.0459064293431848	0.0011092183120587052	2.604e+52
1.036e+01	7.737e-01	2.252e+51	12.094545297804105	650/LOGS/profile94	26.787929110493405	8.546e-02	9.51964595655103	0.5746402475783312	12.996499073627485	1.011e+52	1.2620472118778074	0.0008078778420243302	12.653253045491052	6.922e+51	1.141622303987911	0.0009882999465048077	6.859e+52
1.172e+01	8.806e-01	3.127e+51	13.981135227092874	651/LOGS/profile1	21.472019267548003	1.178e-01	11.090889420336282	0.5522336269165494	14.994114548334636	1.252e+52	1.358725390797365	0.0007425300476155138	14.54457277691576	8.158e+51	1.1835595267652723	0.0009908279323818721	1.838e+53
1.330e+01	8.949e-01	3.917e+51	15.82419081513277	652/LOGS/profile85	22.357577732334864	1.118e-01	12.474806094102865	0.6628707721453083	16.992603099157535	1.513e+52	1.4313901193776768	0.0006907422708973373	16.492024752544406	1.016e+52	1.3053648496486185	0.0008853198927441908	2.453e+53
9.224e+00	9.994e-01	4.821e+51	17.663854157012977	653/LOGS/profile88	7.080028471230653	2.607e-01	14.563159828235092	0.5366888269150213	18.992083801385686	1.789e+52	1.4977220590697886	0.0006466123057791103	18.385001181769322	1.171e+52	1.3651354153917377	0.0008429734732748923	3.301e+54
7.734e+00	9.994e-01	5.704e+51	19.497651407720976	654/LOGS/profile84	7.727887635762913	4.383e-01	17.173080016653422	0.5005933656064836	20.989436781781574	2.087e+52	1.5684458288080196	0.0006127347841169686	20.282296229617984	1.347e+52	1.4324625773802462	0.0007901391182656623	2.700e+54
8.376e+00	9.994e-01	6.607e+51	21.368637408150974	655/LOGS/profile85	8.108698967019345	3.998e-01	18.695686308707963	0.6224482265730404	22.988713965685463	2.392e+52	1.66139340493653	0.0005813100257271145	22.18384642522387	1.519e+52	1.5162337699744837	0.0007575816179525689	2.959e+54
9.350e+00	9.994e-01	7.540e+51	23.175864182482645	656/LOGS/profile82	8.55201575574429	4.914e-01	20.661186281890455	0.5511083127680693	24.98688892061969	2.718e+52	1.71768767055267	0.0005561029160961897	24.05724824304522	1.690e+52	1.576345021649457	0.0007086307154485723	3.350e+54
1.035e+01	9.994e-01	8.479e+51	25.02258595041547	657/LOGS/profile92	8.896365138705557	5.488e-01	22.36674929033419	0.5377688818436509	26.985050387118136	3.044e+52	1.7893960831137612	0.0005314470117259287	25.93780886994734	1.857e+52	1.6488704378849712	0.0006774585005697057	3.749e+54
1.091e+01	9.994e-01	9.517e+51	26.870945655726032	658/LOGS/profile84	9.312418472689126	4.646e-01	24.42754252642335	0.6862504523323674	28.98220271480474	3.345e+52	1.8480940071609382	0.0005046607743022965	27.821177875102254	2.022e+52	1.6975307251217624	0.0006511829769579352	3.974e+54
1.203e+01	9.994e-01	1.047e+52	28.666156194772935	659/LOGS/profile83	9.666388708797259	5.548e-01	26.094346450623185	0.6095106377130171	30.980774921549905	3.710e+52	1.9083931747026868	0.0004881450691464926	29.65970582654984	2.169e+52	1.7521999477132442	0.0006141142490884143	4.427e+54
1.291e+01	9.994e-01	1.163e+52	30.611055361007985	660/LOGS/profile85	10.034773944744092	5.720e-01	27.85438235668664	0.6616163257533796	32.97762265761744	4.027e+52	1.996247724786701	0.00046640475252270183	31.58712691941927	2.369e+52	1.8256379841645805	0.0005910668996172106	4.781e+54
1.403e+01	9.994e-01	1.262e+52	32.3947836631476	661/LOGS/profile90	10.334012249145594	6.616e-01	29.541284431559554	0.594889419289727	34.97553530403709	4.365e+52	2.035954676753434	0.0004485884309810025	33.42758493531682	2.515e+52	1.8650877916985564	0.0005637243524980387	5.225e+54
1.486e+01	9.994e-01	1.372e+52	34.29312033597534	662/LOGS/profile88	10.704565963852222	6.539e-01	31.235612676309792	0.650681731925101	36.97139491216526	4.710e+52	2.1158389098937573	0.00043238434482750586	35.32315605476226	2.693e+52	1.945250731828548	0.0005359394227896553	5.563e+54
1.552e+01	9.994e-01	1.490e+52	36.16941034225713	663/LOGS/profile87	11.012835555996885	5.950e-01	32.89401489600339	0.7606099034654857	38.96836655451217	5.063e+52	2.174004084138403	0.00041769490462965095	37.20279189276648	2.872e+52	2.000153304049481	0.0005163040997530277	5.826e+54
1.651e+01	9.994e-01	1.612e+52	37.998564898800616	664/LOGS/profile92	11.377369766517143	6.253e-01	34.71860976862369	0.7699832903085309	40.968019206886346	5.450e+52	2.222489695191823	0.0004060137859564702	39.048890448153784	3.042e+52	2.0336358871893996	0.0004970192935770725	6.224e+54
1.744e+01	9.994e-01	1.733e+52	39.81585500588922	665/LOGS/profile88	11.708382448976655	6.583e-01	35.969635848467405	0.7697886533912653	42.965349774719336	5.807e+52	2.2712953112031404	0.0003928916010625475	40.88064362806293	3.181e+52	2.069472513388704	0.00047763676218863727	6.598e+54
1.858e+01	9.994e-01	1.850e+52	41.66051759049363	666/LOGS/profile86	11.987364855936097	7.543e-01	37.422339200069494	0.7165241859643176	44.96023984629144	6.168e+52	2.3189315540168973	0.0003805723654458499	42.74394504136017	3.357e+52	2.1133064214205928	0.0004555975765139871	7.054e+54
1.926e+01	9.994e-01	1.973e+52	43.48918643545265	667/LOGS/profile92	12.284268151573498	6.924e-01	39.00270488893071	0.8070668338830702	46.95721127840875	6.556e+52	2.378341590013844	0.0003703523963682	44.57329176563206	3.496e+52	2.159671956769055	0.0004374765488374478	7.325e+54
1.975e+01	9.994e-01	2.049e+52	45.25190812014093	668/LOGS/profile89	12.56688794040488	5.713e-01	40.88836176998586	0.9613272655563959	48.950164954468576	6.928e+52	2.4261432212342338	0.00036005832506636756	46.3636922898009	3.581e+52	2.224666144755102	0.00042387164666335224	7.521e+54
2.150e+01	9.994e-01	2.173e+52	47.10296632019582	669/LOGS/profile96	12.871702191309849	8.134e-01	42.38642913799704	0.7272422897569302	50.951704782125866	7.294e+52	2.479619042984443	0.0003495096312529654	48.222320457922144	3.739e+52	2.2709303286301843	0.00040669816471068816	8.226e+54
2.247e+01	9.994e-01	2.289e+52	48.946197789302474	670/LOGS/profile95	13.123409330304664	8.041e-01	44.61480742563323	0.7446995129095759	52.947149058194135	7.666e+52	2.526954223635736	0.00033991266944299924	50.05975691492712	3.882e+52	2.3083012164056695	0.00039060176193589526	8.618e+54
2.323e+01	9.994e-01	2.425e+52	50.77520282250568	671/LOGS/profile96	13.388808907403831	7.981e-01	46.69155377817065	0.7922162479434649	54.94394544367819	8.103e+52	2.578769607074524	0.00033340197098671257	51.89660750757751	4.060e+52	2.3562789592189897	0.0003754626496335545	8.924e+54
2.395e+01	9.994e-01	2.614e+52	52.68461917563897	672/LOGS/profile88	13.700075265771849	7.558e-01	47.9257967942703	0.9196102141460846	56.93434827983414	8.454e+52	2.6074645421694482	0.0003238346509516357	53.78286916819251	4.283e+52	2.371275924552637	0.0003730573141541716	9.213e+54
2.482e+01	9.994e-01	2.735e+52	54.50999740226315	673/LOGS/profile97	13.979013776374444	7.565e-01	49.50006950246966	0.9452357009783514	58.93329373224349	8.841e+52	2.6565883428243975	0.0003155045017990182	55.60106196201686	4.403e+52	2.4141382763154726	0.0003548391437348393	9.557e+54
2.565e+01	9.994e-01	2.849e+52	56.344333697785814	674/LOGS/profile84	14.199644132979538	7.630e-01	51.487624276921814	0.962701256956506	60.91815740666175	9.226e+52	2.711749198691052	0.0003080382661011881	57.43257164581889	4.539e+52	2.466688626419516	0.00033915797744598773	9.892e+54
2.657e+01	9.994e-01	2.996e+52	58.174162058961116	675/LOGS/profile97	14.426398041768644	7.695e-01	52.94256547940138	0.9898941068510502	62.924627762220055	9.637e+52	2.75175929861571	0.00030146497554469357	59.256125918509376	4.690e+52	2.4946765378482043	0.00033160667193755244	1.026e+55
2.780e+01	9.994e-01	3.077e+52	59.98641371532602	676/LOGS/profile93	14.713688266563796	8.319e-01	54.93846421305743	0.9234787101832577	64.90471782831042	1.004e+53	2.813233563773498	0.0002955374335624459	61.0699195332415	4.802e+52	2.562352998346183	0.0003230523013201156	1.076e+55
2.852e+01	9.994e-01	3.224e+52	61.82100309569397	677/LOGS/profile84	15.003994940262839	7.746e-01	56.28726030159443	1.0230275577978065	66.92508247108609	1.045e+53	2.8440735962385046	0.00028853877765682464	62.88738357342291	4.935e+52	2.5953175669823936	0.00031266336587382004	1.105e+55
2.965e+01	9.994e-01	3.330e+52	63.66209884314814	678/LOGS/profile85	15.230927028012117	8.243e-01	57.57217274326489	0.9672151372606587	68.89873837490634	1.080e+53	2.90489954508331	0.00028147991721882537	64.7247209563355	5.057e+52	2.65495803779947	0.0002998218853869219	1.150e+55
3.040e+01	9.994e-01	3.476e+52	65.47000203959296	679/LOGS/profile93	15.403461945535216	7.767e-01	59.22684925057961	1.0664352132924546	70.91802959679761	1.125e+53	2.927112393010454	0.0002768599001303323	66.528254726005	5.200e+52	2.681490132909559	0.0002972364610415007	1.180e+55
3.126e+01	9.994e-01	3.563e+52	67.2821432853031	680/LOGS/profile89	15.708402513436257	7.633e-01	60.932080533919255	1.078385959224132	72.89045809123274	1.160e+53	2.9877253052014794	0.0002700422919234544	68.32480399564558	5.275e+52	2.7400354206706816	0.0002853075154447748	1.215e+55
3.239e+01	9.994e-01	3.706e+52	69.07455606488539	681/LOGS/profile92	15.902249762499428	7.946e-01	63.59698327760386	1.0741281292986526	74.89726966788827	1.206e+53	3.0082026805283215	0.00026562297923867677	70.13175008733165	5.449e+52	2.7667767112120556	0.00027642166129874347	1.260e+55
3.312e+01	9.994e-01	3.898e+52	70.92177537091052	682/LOGS/profile8	16.078770694525332	8.142e-01	64.32134582912444	1.1134902430327769	76.90287819787416	1.247e+53	3.0392012922685305	0.0002601613001047975	71.96604907998206	5.631e+52	2.7808153574861687	0.00027084820342891403	1.289e+55
3.456e+01	9.994e-01	3.964e+52	72.72205899562348	683/LOGS/profile77	16.427879522160502	8.810e-01	66.15992362319689	1.0072881975942827	78.86091806093631	1.280e+53	3.0958611632073674	0.0002550097297267412	73.75318164653919	5.678e+52	2.831672033714098	0.0002651396842790842	1.347e+55
3.896e+00	3.882e-01	3.658e+50	4.673684547251559	684/LOGS/profile14	84.08078139865763	9.559e-03	2.8883408619659856	1.4056534376639684	4.999530248212262	2.251e+51	1.601970935040927	0.0014433043024105695	4.919612104956726	1.732e+51	1.601970935040927	0.0016934962380704616	6.236e+51
5.232e+00	4.056e-01	8.348e+50	6.555974029604575	685/LOGS/profile77	105.6898758669748	1.768e-02	3.9415448259682906	1.6222252417472234	6.998926255354514	3.951e+51	1.869643436147708	0.0011966221374507813	6.864787925098447	2.947e+51	1.869643436147708	0.0014062700194145692	9.438e+51
7.205e+00	5.521e-01	9.635e+50	8.32927175504054	686/LOGS/profile95	40.66361740047927	2.953e-02	6.284477119357495	0.7634447028403176	8.998230012319056	6.000e+51	1.048172988674254	0.0010493609219308238	8.785192347670755	4.210e+51	0.9447226784191733	0.0011807617928899135	1.636e+52
8.729e+00	4.607e-01	1.418e+51	10.190212900283397	687/LOGS/profile77	73.00591219617324	2.694e-02	7.101071614752499	1.2049774509563036	10.9968592106947	8.277e+51	1.434815604014527	0.0009439554080371769	10.713236947126699	5.685e+51	1.434815604014527	0.0010979683000026262	1.656e+52
1.012e+01	8.537e-01	2.266e+51	11.998384385838358	688/LOGS/profile98	21.667283253134	8.128e-02	9.562640367631404	0.5647313170646365	12.995316718098733	1.070e+52	1.2368999711817836	0.0008561781896387551	12.578657632417032	6.806e+51	1.0990276335262148	0.0010425835947163223	1.189e+53
1.191e+01	8.057e-01	2.975e+51	13.910585916161207	689/LOGS/profile90	28.53850395443895	8.401e-02	10.874116720155408	0.7157041149042112	14.993937363332012	1.327e+52	1.369983557415172	0.000785547309589083	14.546809264147205	8.726e+51	1.2410450801659894	0.0009290455115773336	9.423e+52
1.272e+01	9.593e-01	3.919e+51	15.726730893936924	690/LOGS/profile94	18.14105926242709	1.501e-01	12.831706053284831	0.4777135254550837	16.993522617385334	1.607e+52	1.4282085570369192	0.0007306147929606841	16.40021209338655	9.942e+51	1.2823915592176125	0.0008964683118394795	5.098e+53
8.252e+00	9.994e-01	4.802e+51	17.575730881282492	691/LOGS/profile86	7.099223655505386	2.855e-01	14.549931070433574	0.5520875097491099	18.9917885058175	1.901e+52	1.5106383203165246	0.0006856129610277347	18.302271745327012	1.163e+52	1.3526222954607114	0.0008363282425822212	2.909e+54
7.717e+00	9.994e-01	5.668e+51	19.422867480896524	692/LOGS/profile89	7.653151034760999	4.065e-01	16.959004175452815	0.5351588851960181	20.990387911687588	2.222e+52	1.5973437990307482	0.0006506413070460613	20.192665974215828	1.331e+52	1.4266578725321533	0.000796549950536337	2.694e+54
8.332e+00	9.994e-01	6.564e+51	21.287803248450896	693/LOGS/profile83	8.091656106312225	3.973e-01	18.471394738951375	0.6281204560496445	22.988394987481414	2.547e+52	1.6810189040270518	0.0006174907870163699	22.09719927990449	1.514e+52	1.524700399209697	0.0007464068773429893	2.943e+54
9.387e+00	9.994e-01	7.433e+51	23.13244129662057	694/LOGS/profile90	8.377841669450723	4.396e-01	20.211769377716628	0.6104306110011256	24.98675024817909	2.896e+52	1.7643008511365732	0.0005911273230042333	23.97127910586213	1.677e+52	1.608407322518271	0.0007129426153641318	3.366e+54
9.972e+00	9.994e-01	8.473e+51	24.92275081053236	695/LOGS/profile82	8.890626441916698	4.488e-01	22.60805704977431	0.6599501452275485	26.983452408017374	3.243e+52	1.8035328429627737	0.0005651509465987158	25.84778839753837	1.876e+52	1.6380834676453504	0.0006898412848202423	3.599e+54
1.114e+01	9.994e-01	9.399e+51	26.67205821986005	696/LOGS/profile93	9.286614034783787	5.587e-01	24.124533092638192	0.5556352914595284	28.98059841796375	3.565e+52	1.8299239887091854	0.0005371699285744758	27.67027052150424	1.994e+52	1.6672813537608326	0.0006569961768288641	4.068e+54
1.213e+01	9.994e-01	1.040e+52	28.567532243128532	697/LOGS/profile87	9.64029902660428	6.106e-01	25.95460501517389	0.5611241946114573	30.978098272917748	3.957e+52	1.9330688580095723	0.0005196884662985097	29.56446022012845	2.194e+52	1.7555732332075356	0.0006239640291579923	4.464e+54
1.293e+01	9.994e-01	1.149e+52	30.41471769221768	698/LOGS/profile85	9.992838688144776	5.780e-01	27.39003295695197	0.6318097922877867	32.975995868883984	4.297e+52	1.9901070928178761	0.0004970299794658664	31.44114932109532	2.369e+52	1.8102682181857677	0.0005958045135310572	4.787e+54
1.365e+01	9.994e-01	1.267e+52	32.318752395269364	699/LOGS/profile95	10.362800709318806	5.544e-01	29.212137905777197	0.7255416790306283	34.974452986562035	4.661e+52	2.074501549615837	0.00047824878113745075	33.33316324506302	2.551e+52	1.8740052616213416	0.0005690647412267977	5.074e+54
1.447e+01	9.994e-01	1.356e+52	34.03082188934151	700/LOGS/profile83	10.700468676610672	5.354e-01	31.386527724299928	0.7266998350934564	36.972420039108016	5.033e+52	2.0931405359486748	0.00046125594570055534	35.123366925333904	2.662e+52	1.9237665765956653	0.0005372193641387177	5.402e+54
1.519e+01	9.994e-01	1.485e+52	35.989882507914466	701/LOGS/profile86	11.03598107115537	5.287e-01	33.027820513741624	0.8867423259581022	38.96998909598248	5.413e+52	2.1888433336813216	0.00044564622521548847	37.052433892776435	2.888e+52	1.9926061845181464	0.0005169724511975339	5.691e+54
1.674e+01	9.994e-01	1.588e+52	37.803872200154366	702/LOGS/profile91	11.326275291691188	7.345e-01	34.9019161040062	0.6444550202599144	40.9667473937739	5.825e+52	2.2458833132705136	0.0004331909172180108	38.898148757055054	3.058e+52	2.0424920528605135	0.0005022333772762178	6.316e+54
1.743e+01	9.994e-01	1.719e+52	39.62276838770236	703/LOGS/profile90	11.643140536545745	6.702e-01	35.49966265186478	0.7474090264287704	42.962554472532275	6.207e+52	2.2850190923201477	0.0004192593282322918	40.732194037591796	3.219e+52	2.0711707357896922	0.00048031851037440233	6.590e+54
1.837e+01	9.994e-01	1.814e+52	41.39017994618195	704/LOGS/profile85	11.986044359758806	6.665e-01	37.810066054159776	0.759817952007039	44.95962266855458	6.598e+52	2.3221811160685584	0.0004065808966742488	42.531234528576285	3.332e+52	2.120142721218276	0.00046392047697700357	6.969e+54
1.927e+01	9.994e-01	1.919e+52	43.190912974194575	705/LOGS/profile91	12.284237482654973	6.885e-01	39.27404591387125	0.7699386233342054	46.94995707726832	7.006e+52	2.3771127321012018	0.00039536177867059534	44.34736940805831	3.463e+52	2.188082075565802	0.00044247643614057106	7.333e+54
2.022e+01	9.994e-01	2.031e+52	45.018188647662704	706/LOGS/profile95	12.511313282719382	6.947e-01	41.333296744706374	0.7921906725977441	48.950114611782034	7.416e+52	2.4360673434781055	0.0003844471221436012	46.17821387817024	3.602e+52	2.238842995368707	0.00042073816396590594	7.713e+54
2.137e+01	9.994e-01	2.166e+52	46.89091943422484	707/LOGS/profile92	12.831924458238147	8.091e-01	42.497652390792105	0.7321509444307501	50.94357476909684	7.798e+52	2.4904333747276906	0.000373114259956449	48.0578339432249	3.809e+52	2.2765397741473974	0.0004163402911757016	8.174e+54
2.180e+01	9.994e-01	2.317e+52	48.83989552331946	708/LOGS/profile95	13.042184729428543	6.855e-01	44.41245389294201	0.9121387310794254	52.93673105171754	8.195e+52	2.55860226147375	0.000363176174945129	49.96712530022539	4.021e+52	2.3362031751719985	0.00039693620276338016	8.349e+54
2.281e+01	9.994e-01	2.458e+52	50.6220913441583	709/LOGS/profile95	13.392207964744637	7.238e-01	45.93345400808754	0.9101345925716274	54.94487020661046	8.681e+52	2.589536538583076	0.00035629036554897617	51.76814062477802	4.196e+52	2.3493120426755314	0.0003900218777426251	8.751e+54
2.381e+01	9.994e-01	2.528e+52	52.36477249120636	710/LOGS/profile87	13.632197457268166	7.290e-01	47.89861676597843	0.886724348101092	56.93430430298317	9.057e+52	2.638138441157619	0.0003460165068688042	53.52889955754319	4.238e+52	2.41401426622544	0.00037524635335108903	9.155e+54
2.470e+01	9.994e-01	2.732e+52	54.28517561945302	711/LOGS/profile93	13.932951101519656	7.579e-01	48.79930353171329	0.946178742038691	58.91538359935657	9.448e+52	2.6614423210430695	0.0003375960773751606	55.44138395190848	4.522e+52	2.423820083782272	0.00036946108232669225	9.512e+54
2.559e+01	9.994e-01	2.805e+52	56.09346119976007	712/LOGS/profile97	14.082725830821554	7.388e-01	51.34899258033421	0.967269624923327	60.934674898613956	9.911e+52	2.743295120735754	0.00033009202337397554	57.22526471120947	4.574e+52	2.4980983224006597	0.0003528254543024165	9.866e+54
2.645e+01	9.994e-01	2.980e+52	57.92602128090285	713/LOGS/profile87	14.4087745361018	7.681e-01	53.17318791264107	0.9887685850032579	62.91043753745829	1.031e+53	2.766006420366248	0.00032209925444309583	59.07551997145246	4.800e+52	2.5105909402347444	0.000343655460213194	1.022e+55
2.761e+01	9.994e-01	3.096e+52	59.71163960882844	714/LOGS/profile95	14.708850096227625	8.177e-01	54.156994990945606	0.9403327821129444	64.90558212522363	1.077e+53	2.8104637003589494	0.00031604197895078717	60.86055335740197	4.914e+52	2.5556411733990445	0.00033477025947842515	1.068e+55
2.834e+01	9.994e-01	3.247e+52	61.565870884918034	715/LOGS/profile93	14.921954871141368	7.818e-01	55.64850536414062	1.0347029372252552	66.92389460939887	1.121e+53	2.8507182589865714	0.00030861416686827514	62.69402931847334	5.073e+52	2.5854278626014424	0.00032828891559910346	1.097e+55
2.915e+01	9.994e-01	3.341e+52	63.38911414343778	716/LOGS/profile82	15.213853447139678	7.657e-01	57.90357679710555	1.0580441216951713	68.915869031349	1.161e+53	2.9128318095205037	0.0003019275029930769	64.51286886385142	5.176e+52	2.6503876099489525	0.00030969226586124613	1.130e+55
3.015e+01	9.994e-01	3.498e+52	65.19385729184077	717/LOGS/profile81	15.446264221324235	7.933e-01	59.53770351188167	1.0670198703357974	70.87261811713553	1.200e+53	2.9344407294904182	0.00029484011343087764	66.32251168023765	5.352e+52	2.6737130944984444	0.0003054994008472256	1.170e+55
3.103e+01	9.994e-01	3.630e+52	67.01385632715203	718/LOGS/profile3	15.604693315712389	7.774e-01	60.908991390737	1.115258294091934	72.89082275035274	1.245e+53	2.976190464443287	0.00028906723308357566	68.12738902015039	5.472e+52	2.7063997379807443	0.0002926417059410242	1.205e+55
3.211e+01	9.994e-01	3.737e+52	68.79897837803107	719/LOGS/profile90	15.824422877299597	8.172e-01	63.46962621592354	1.0782038684439232	74.8952831726977	1.294e+53	3.0223485565066857	0.00028429075898809745	69.91799903194787	5.597e+52	2.7528416921431105	0.00028558507490497766	1.248e+55
3.292e+01	9.994e-01	3.938e+52	70.640498946483	720/LOGS/profile79	16.172105832981284	8.308e-01	64.24116887783865	1.1140972898092822	76.90120652089769	1.338e+53	3.050469828614034	0.0002786528834807015	71.74926508371563	5.782e+52	2.7785043251435435	0.00028241514400170775	1.281e+55
3.383e+01	9.994e-01	4.064e+52	72.45282664025187	721/LOGS/profile79	16.415105751270833	8.524e-01	65.76684302994386	1.1153233910006017	78.86487943038118	1.374e+53	3.0880703799293205	0.00027335611367908805	73.54000678548886	5.883e+52	2.811078902797888	0.0002741910109825138	1.318e+55
5.384e+00	4.000e-01	7.155e+50	6.513212682143173	723/LOGS/profile81	88.61766636114606	1.644e-02	4.2074773704098565	1.353088090239741	6.99895587070586	4.122e+51	1.6086882397923072	0.0012444755563594439	6.825701337236962	2.798e+51	1.6086882397923072	0.001437119273896819	8.908e+51
6.982e+00	4.392e-01	1.063e+51	8.340587097450083	724/LOGS/profile94	79.59300175252538	2.116e-02	5.514659371423557	1.319366849247382	8.998199526679231	6.296e+51	1.5405274343591235	0.0010980082410524657	8.748840795690972	4.145e+51	1.5405274343591235	0.0012686291418904255	1.289e+52
8.772e+00	5.972e-01	1.414e+51	10.129730132233368	725/LOGS/profile85	40.510876993635414	3.480e-02	7.727098640585383	0.874772845143264	10.996784067796431	8.713e+51	1.1612060956541004	0.000990837472637996	10.666172493532194	5.605e+51	1.0517735275768907	0.0010967247247350308	2.557e+52
1.025e+01	7.880e-01	2.266e+51	11.99650677943991	726/LOGS/profile3	25.35880834787227	7.675e-02	9.506137127226085	0.638526660096016	12.995368892417195	1.129e+52	1.2660787093304102	0.0009008413315846526	12.574754895907194	7.085e+51	1.1455088427556184	0.0010018838205572596	7.447e+52
1.195e+01	6.939e-01	2.680e+51	13.820533181416216	727/LOGS/profile84	38.10372841740755	6.204e-02	10.514385278136736	0.8296936661846495	14.993771440312702	1.403e+52	1.366037971783161	0.0008283758716609184	14.474327526562591	8.564e+51	1.23288581106256	0.0009327346783317226	5.903e+52
1.260e+01	9.706e-01	3.924e+51	15.676654358655098	728/LOGS/profile3	17.403208744541704	1.318e-01	12.781579388815622	0.5408617135280874	16.993372876815815	1.701e+52	1.441030065419961	0.0007712014340411708	16.343339703456667	9.955e+51	1.2751354154755987	0.0009013656822053544	6.026e+53
7.792e+00	9.994e-01	4.752e+51	17.50311996496402	729/LOGS/profile89	7.100382667691485	3.977e-01	14.540317786282113	0.4389294939883419	18.992040554618825	2.015e+52	1.5241624971218932	0.000723619994171259	18.2245339082848	1.152e+52	1.3537977589164985	0.000854055233224342	2.726e+54
8.271e+00	9.994e-01	5.595e+51	19.334514671375306	730/LOGS/profile85	7.508967224388512	3.360e-01	16.144542175195436	0.5997449528276666	20.99024492600755	2.357e+52	1.5988824297885857	0.0006875341704753022	20.100644943132405	1.315e+52	1.4375445512335083	0.0007865214379494398	2.918e+54
8.309e+00	9.994e-01	6.549e+51	21.20125762183983	731/LOGS/profile82	8.070432289312729	4.095e-01	18.56384680679566	0.5929383002648976	22.987090791237197	2.667e+52	1.6829078358315768	0.0006459727171660189	22.015796710068926	1.504e+52	1.501790048842436	0.0007621238518009332	2.932e+54
9.312e+00	9.994e-01	7.415e+51	22.94557154270621	732/LOGS/profile82	8.490773541218287	4.979e-01	20.52778929866285	0.5282277808959678	24.985166373742498	3.075e+52	1.7322949125045812	0.0006263482012382998	23.832704483198185	1.660e+52	1.556248537019313	0.0007295518146721905	3.333e+54
1.010e+01	9.994e-01	8.362e+51	24.85473334435627	733/LOGS/profile87	8.856156148370118	4.821e-01	22.040986544116755	0.6136290643995368	26.98407150468607	3.449e+52	1.8386410834450901	0.0005994947263307047	25.75543670870315	1.869e+52	1.6689504942844744	0.0006834284510962816	3.652e+54
1.097e+01	9.994e-01	9.319e+51	26.591032486081694	734/LOGS/profile91	9.253535094480652	5.093e-01	24.08449852672083	0.6083555329263751	28.980443133742256	3.794e+52	1.8627366246219796	0.0005698002360989245	27.563206942289	1.991e+52	1.6803369589851933	0.000666686521463826	3.999e+54
1.195e+01	9.994e-01	1.037e+52	28.43499855746195	735/LOGS/profile85	9.63779102465858	5.673e-01	25.43259835658066	0.597694805560402	30.979263171991047	4.214e+52	1.93795640050059	0.0005520509074842462	29.440083858089146	2.197e+52	1.7572741878200928	0.0006312946946201698	4.391e+54
1.271e+01	9.994e-01	1.136e+52	30.16895192201581	736/LOGS/profile84	9.989076963845958	5.302e-01	27.603748592871188	0.6624908005227134	32.97620152860759	4.578e+52	1.965442538085822	0.0005282763545460406	31.239058479048747	2.309e+52	1.7757118492944057	0.0005972177428937191	4.697e+54
1.345e+01	9.994e-01	1.249e+52	32.113354605415864	737/LOGS/profile81	10.338164800777397	5.023e-01	29.00953708140777	0.822530308752128	34.97272637241753	4.965e+52	2.064489024529022	0.000508494917712569	33.169705265395734	2.539e+52	1.8691940988850386	0.000578988404441176	4.997e+54
1.447e+01	9.994e-01	1.346e+52	33.87838620814344	738/LOGS/profile85	10.667915342305745	5.622e-01	31.226445561877583	0.7181083689654427	36.970403088804595	5.364e+52	2.1064951123070252	0.0004905987598009424	34.973107622634444	2.657e+52	1.91601683420621	0.0005442688566158275	5.403e+54
1.507e+01	9.994e-01	1.469e+52	35.834318466097976	739/LOGS/profile85	10.943211332880573	5.187e-01	32.318319625591634	0.8601414255177575	38.96684032762833	5.770e+52	2.1978098552910112	0.0004739590439899599	36.91599824773164	2.910e+52	2.01573940779335	0.0005218816156715114	5.644e+54
1.648e+01	9.994e-01	1.565e+52	37.490755112624065	740/LOGS/profile85	11.29405062626068	6.623e-01	33.40566576902713	0.6871364196730068	40.96392517611375	6.212e+52	2.2104123792893797	0.0004613956902613598	38.635466699489044	2.977e+52	2.015890603273435	0.0004997529153346755	6.210e+54
1.733e+01	9.994e-01	1.682e+52	39.37939115080185	741/LOGS/profile98	11.584764120691727	6.564e-01	35.48128876693428	0.7372979279820485	42.96168727394513	6.624e+52	2.293528893711908	0.0004464716729960478	40.52185496067761	3.177e+52	2.078477833107544	0.00048155812203092734	6.551e+54
1.820e+01	9.994e-01	1.816e+52	41.24993050880765	742/LOGS/profile97	11.873546500098074	6.697e-01	36.995817315239066	0.7737822231618581	44.95568398063057	7.040e+52	2.3494519509484166	0.0004331731329773469	42.39830157009421	3.386e+52	2.1319977939044166	0.0004670626304931726	6.903e+54
1.871e+01	9.994e-01	1.915e+52	43.017155914253124	743/LOGS/profile100	12.198540042415264	5.711e-01	39.18270471786959	0.9208727095171052	46.95412639745568	7.489e+52	2.39809765031772	0.0004218624088786246	44.19301229941264	3.513e+52	2.1870835838650184	0.0004545197667643449	7.108e+54
2.021e+01	9.994e-01	2.055e+52	44.946600728052495	744/LOGS/profile95	12.51806261319182	7.588e-01	41.70773456553667	0.7635373611704294	48.94620157383911	7.917e+52	2.4685897724621495	0.00040977717830134315	46.10728059948814	3.750e+52	2.24051374865652	0.0004390017612555979	7.708e+54
2.126e+01	9.994e-01	2.133e+52	46.64910808521862	745/LOGS/profile89	12.774194477814879	7.805e-01	42.342318235728534	0.7274386259130289	50.946644989863145	8.338e+52	2.5042023370812867	0.00039828332384580123	47.83817252992567	3.784e+52	2.282926829256834	0.00041451225564239464	8.131e+54
2.155e+01	9.994e-01	2.242e+52	48.424381023982065	746/LOGS/profile89	13.040098611877823	6.128e-01	44.02474229028829	0.9405551748051963	52.94264717004083	8.768e+52	2.5429219784464716	0.00038776495826587027	49.6185430342119	3.883e+52	2.333540910735144	0.00039904661373365826	8.246e+54
2.300e+01	9.994e-01	2.439e+52	50.37534639623204	747/LOGS/profile93	13.297348981431286	8.299e-01	45.51401822351709	0.8015333781686911	54.93256047178824	9.262e+52	2.600042933044896	0.0003802198545391958	51.56717192058253	4.241e+52	2.3542014950190597	0.0003957954825894263	8.832e+54
2.415e+01	9.994e-01	2.503e+52	52.0930805961785	748/LOGS/profile93	13.598849043784526	8.526e-01	47.60052656301358	0.7650444853432591	56.938153787031744	9.689e+52	2.64865432951482	0.00036940929442095085	53.312474104378616	4.267e+52	2.427755991477311	0.00037701411010972847	9.291e+54
2.411e+01	9.994e-01	2.629e+52	53.95495569637914	749/LOGS/profile98	13.883386738131454	6.046e-01	48.98844043260856	1.0844463889979974	58.912232127106115	1.010e+53	2.705183028351322	0.00036032134652226643	55.14941467811329	4.415e+52	2.478104671342055	0.00036163865665516103	9.271e+54
