Mbh		 abh		 AMexp		  Mexp		 filename		 tff			 Md			 Mco			 Rexp			  MHe_form			  AMfinal_He_form			 R_He_form			  Omega_mean_He_form			  MHe_dep			  AMfinal_He_dep			 R_He_dep			  Omega_mean_He_dep			 Eacc
6.867e+01	5.638e-01	2.574e+52	69.51356501805715	300/LOGS/profile92	87.16403620723496	6.347e-02	62.200356427455255	1.2243788086821348	72.92494692563034	4.504e+52	2.892928695789975	0.00010548210551954731	69.663489525507	2.710e+52	2.6258823008904404	0.0001401599317775765	6.512e+52
7.056e+01	5.484e-01	2.632e+52	71.37257485027936	301/LOGS/profile79	95.64336867154982	5.212e-02	64.43986423371372	1.3044341507181814	74.92180771003154	4.672e+52	2.9622777406635414	0.00010363581607614686	71.5255464505242	2.768e+52	2.6933077613632963	0.00013493935675921415	5.962e+52
7.245e+01	5.296e-01	2.673e+52	73.23429288249505	302/LOGS/profile73	97.94396397672526	5.401e-02	66.24623143905386	1.2910273677078703	76.90814048620607	4.817e+52	3.037799036038973	0.00010144814511060337	73.38894380275939	2.810e+52	2.7664445810623586	0.0001278815416585542	5.503e+52
7.434e+01	5.151e-01	2.723e+52	75.08486579003196	303/LOGS/profile73	105.68942629314398	4.585e-02	68.11502602291611	1.3548822982398239	78.86475541132805	4.941e+52	3.0869328757607466	9.885886922522907e-05	75.24243370551969	2.864e+52	2.817666442781303	0.0001248440693747242	4.869e+52
4.024e+00	4.038e-01	4.381e+50	4.8714900303017155	304/LOGS/profile22	94.12098484958082	1.972e-02	3.0494789221221437	1.5725545883835415	4.999508352474129	1.099e+51	2.137557654370505	0.0007135055051598336	4.986484115875442	1.073e+51	2.137557654370505	0.0010391387641400063	1.158e+52
5.880e+00	4.731e-01	6.250e+50	6.766232707082078	305/LOGS/profile16	54.35846022396289	2.705e-02	4.692515446858612	0.9915057956816333	6.998919362903466	1.864e+51	1.1939580880255325	0.0005758655874377626	6.967843194463552	1.787e+51	1.1939580880255325	0.000860861562786145	1.655e+52
7.611e+00	5.577e-01	1.017e+51	8.69230736479031	306/LOGS/profile12	43.93649282037386	4.663e-02	6.51110512401923	0.7825873261490542	8.998272508185897	2.738e+51	0.9529181277057786	0.0004893383949615163	8.943141698525872	2.585e+51	0.9529181277057786	0.0007371031491411934	2.682e+52
9.300e+00	6.257e-01	1.542e+51	10.627990875048663	307/LOGS/profile93	39.678102214342374	6.420e-02	8.104008473071918	0.796863158217205	10.996913425844703	3.726e+51	1.033057671428786	0.00043244869901513933	10.910062935400848	3.456e+51	0.9464972155831598	0.0006514407036442235	4.339e+52
1.091e+01	7.922e-01	2.447e+51	12.601738293999471	308/LOGS/profile99	26.92945597403033	1.205e-01	9.858539739664579	0.6572150625304627	12.995334401489744	4.763e+51	1.1381262840964426	0.0003877140471053691	12.864096883961556	4.315e+51	1.0321498738130777	0.0006065618268317522	9.781e+52
1.274e+01	6.748e-01	2.845e+51	14.519895169531472	309/LOGS/profile9	41.43697905632294	9.969e-02	11.1517321241924	0.8578914298720359	14.993958062755132	5.855e+51	1.2308407131575827	0.0003522606060387266	14.82555412443788	5.252e+51	1.1227953461536488	0.0005501971383129637	7.697e+52
1.451e+01	6.132e-01	3.408e+51	16.453453209174562	310/LOGS/profile67	53.45337443472545	9.401e-02	12.221487717846598	1.0607268458838595	16.993109277882787	7.038e+51	1.3202390681019573	0.0003253332210718031	16.77522616490253	6.210e+51	1.2050421553522672	0.0005006285031309322	7.564e+52
1.540e+01	9.449e-01	4.987e+51	18.441188880859073	311/LOGS/profile90	21.24196946160354	2.202e-01	14.907958762544794	0.5987899678942119	18.993056175048206	8.280e+51	1.3994388180738702	0.00030259558146531585	18.700086275556906	7.100e+51	1.2734116112654967	0.0004754142448788433	5.050e+53
8.909e+00	9.994e-01	5.900e+51	20.376871946877397	312/LOGS/profile83	7.630763484905054	4.751e-01	16.539245145498708	0.6561140221680358	20.990699759447576	9.624e+51	1.4695316492569837	0.00028626770852582806	20.620265526462745	8.059e+51	1.325258654001844	0.000465766911024933	3.173e+54
9.892e+00	9.994e-01	6.788e+51	22.305576255217453	313/LOGS/profile97	7.990263523277131	5.561e-01	18.050076875728053	0.6105670511494653	22.98943776355165	1.099e+52	1.5553456550703613	0.00027044658802152707	22.551564801879643	9.048e+51	1.3983442436676323	0.00042905717004322066	3.569e+54
1.011e+01	9.994e-01	7.700e+51	24.21507745997083	314/LOGS/profile2	8.633416882043624	5.928e-01	20.99167764754226	0.6549078808894921	24.988013195572577	1.245e+52	1.6233863930331018	0.00025777012607621787	24.479317056891055	1.011e+52	1.4733252564819976	0.00040390902700322565	3.656e+54
9.606e+00	9.994e-01	8.599e+51	26.128184954208788	315/LOGS/profile4	9.094597422750445	7.506e-01	22.854046872270512	0.6023042122423253	26.98585530516735	1.389e+52	1.6903872714276018	0.00024544764067941494	26.392056800728845	1.106e+52	1.5291541213789612	0.0003830398811439631	3.454e+54
9.783e+00	9.994e-01	9.583e+51	28.063793444146146	316/LOGS/profile90	9.501968711585517	8.094e-01	24.443805527841818	0.6218162453340907	28.98444949689139	1.523e+52	1.7472459626097874	0.0002323284834539843	28.30176776311743	1.195e+52	1.5723041976529932	0.0003671055971286823	3.525e+54
1.035e+01	9.994e-01	1.052e+52	29.962380239869013	317/LOGS/profile78	9.906295020306532	6.766e-01	26.560909456994466	0.7959596487975732	30.982750320138546	1.685e+52	1.8235983302563197	0.00022423575350090513	30.19482391549015	1.289e+52	1.62511944082314	0.0003530630868803056	3.752e+54
1.186e+01	9.994e-01	1.144e+52	31.882527544705916	318/LOGS/profile91	10.234571386974284	7.953e-01	28.21554038922557	0.7020060310317546	32.978722641078626	1.824e+52	1.8933150389164342	0.00021374313994495698	32.115354434061125	1.384e+52	1.6970052076730255	0.00033104712889222535	4.358e+54
1.631e+01	9.994e-01	1.241e+52	33.80081529996946	319/LOGS/profile83	10.613229258456656	6.627e-01	29.828916126148407	0.7634674313874099	34.97732702422994	1.974e+52	1.9540518246481873	0.00020500281957315102	34.027193180550825	1.480e+52	1.7600674297719239	0.00031415316931258426	6.148e+54
1.542e+01	9.994e-01	1.337e+52	35.69977109106373	320/LOGS/profile80	10.958890651872716	7.306e-01	31.801208694229864	0.7930741091990144	36.97635171287272	2.127e+52	2.010535164441613	0.00019718835748794547	35.91639516890492	1.568e+52	1.7980166866841103	0.00030368057155815776	5.791e+54
2.126e+01	9.994e-01	1.422e+52	37.59491979264969	321/LOGS/profile78	11.317001275277994	5.767e-01	33.5042013386963	0.8178912892993526	38.97386583048802	2.283e+52	2.0743017604149196	0.00019008451909795205	37.81360561005915	1.658e+52	1.8565120724466528	0.00028548490177045575	8.136e+54
2.024e+01	9.994e-01	1.510e+52	39.48533494758278	322/LOGS/profile88	11.628418721705518	6.135e-01	35.133318367755066	0.8856623822758675	40.97179749797827	2.453e+52	2.148076168773793	0.00018446025800756337	39.710381722643305	1.755e+52	1.9201844939770785	0.0002750370512405679	7.726e+54
2.251e+01	9.994e-01	1.609e+52	41.3772736485311	323/LOGS/profile85	12.003598496386484	5.737e-01	37.114489810571726	0.9374516537013557	42.96526086558567	2.607e+52	2.1789890104184693	0.00017804831005684832	41.597631429611155	1.850e+52	1.9632197186062934	0.0002625240018613733	8.639e+54
2.287e+01	9.994e-01	1.703e+52	43.269206134819136	324/LOGS/profile85	12.306101466743993	6.071e-01	39.07680660346965	0.9479217872179516	44.96080561111556	2.766e+52	2.2348117144596262	0.0001723118354395111	43.47888052185381	1.934e+52	2.006615996060145	0.0002564069786186941	8.783e+54
2.409e+01	9.994e-01	1.801e+52	45.15436199728408	325/LOGS/profile83	12.620982297134994	6.155e-01	40.8886971472898	0.9622848577336962	46.964012963861094	2.939e+52	2.2863705175818216	0.00016745141809712611	45.360160838802784	2.027e+52	2.0536632907910315	0.00024676370891600613	9.271e+54
2.210e+01	9.994e-01	1.868e+52	47.04234214914371	326/LOGS/profile77	12.91835344190144	6.820e-01	42.31707720910215	0.969718827014178	48.95894298521112	3.103e+52	2.369511897006967	0.00016251425673339742	47.25906567870428	2.110e+52	2.143445831519164	0.0002325844668538055	8.469e+54
2.163e+01	9.994e-01	1.954e+52	48.91895513887058	327/LOGS/profile87	13.201986256073697	6.895e-01	44.09766617496942	1.0242948680019348	50.950736531969206	3.257e+52	2.422192993732973	0.00015734498858023969	49.12655521884018	2.184e+52	2.175853517240119	0.0002246583177332848	8.283e+54
1.667e+01	9.994e-01	2.028e+52	50.8018324814531	328/LOGS/profile77	13.447478667882372	8.014e-01	45.878764327399686	1.0217726052353275	52.95071864987507	3.421e+52	2.4772221563618433	0.00015284923598285239	51.019543559997	2.270e+52	2.2519769293397225	0.00021210575335051655	6.291e+54
5.077e+01	7.398e-01	2.120e+52	52.667741214169034	329/LOGS/profile68	59.22597134140691	1.377e-01	47.403222544855154	1.2807887476673618	54.94531820984047	3.611e+52	2.5260898644411216	0.00014974617302104606	52.8835128998995	2.363e+52	2.295369477529673	0.00020838533598656719	2.545e+53
5.282e+01	7.367e-01	2.198e+52	54.496767652797395	330/LOGS/profile69	57.98942785715754	1.521e-01	48.84103667256397	0.9889195459149703	56.94795192940432	3.770e+52	2.531699579179376	0.00014531206830032385	54.714872441994494	2.438e+52	2.2775997638016423	0.0002048942506671132	2.173e+53
5.474e+01	7.070e-01	2.263e+52	56.39096178451098	331/LOGS/profile76	64.2927883147536	1.362e-01	51.28798716527513	1.062532361242246	58.945993922947466	3.938e+52	2.6260352689227657	0.00014160859213422467	56.606570110201204	2.504e+52	2.377223175760729	0.00019490002604411917	1.998e+53
5.668e+01	6.912e-01	2.343e+52	58.25178679818089	332/LOGS/profile66	63.265793651632286	1.526e-01	53.010051212618954	1.0288563794933885	60.932125573699466	4.106e+52	2.6678577045505696	0.00013823828403083954	58.46500449325449	2.583e+52	2.4136662335273997	0.00018765115264387882	1.810e+53
5.865e+01	6.758e-01	2.420e+52	60.11432868356806	333/LOGS/profile64	67.57942838681139	1.191e-01	54.94028445547554	1.2870393812420364	62.932310654031184	4.281e+52	2.719327691190078	0.00013497998184261762	60.3304778166929	2.661e+52	2.466340201788526	0.00018166672261875642	1.691e+53
6.059e+01	6.651e-01	2.505e+52	61.95770766922307	334/LOGS/profile63	70.53238419104706	1.061e-01	55.68484483921479	1.3186209984168709	64.93805749696918	4.473e+52	2.755640936190048	0.00013226422750947864	62.17222353790761	2.743e+52	2.4898440396706123	0.00017459072008782397	1.534e+53
6.251e+01	6.448e-01	2.569e+52	63.82994670559579	335/LOGS/profile78	76.18486861281164	1.023e-01	58.102880751472995	1.2280348964527	66.92806785962208	4.632e+52	2.818708884005931	0.00012895701895706706	64.04867548303181	2.810e+52	2.5652420491779653	0.00016770418264997107	1.347e+53
6.447e+01	6.384e-01	2.653e+52	65.64319114879717	336/LOGS/profile85	70.80108494819251	1.185e-01	59.14292711577365	1.1215702244535402	68.91277102805661	4.790e+52	2.8064821473844908	0.00012583462151292174	65.86530069600738	2.898e+52	2.546347372449332	0.00016905710372965173	1.159e+53
6.635e+01	6.142e-01	2.704e+52	67.5234808809261	337/LOGS/profile71	79.30711673018195	9.994e-02	61.767593692075536	1.1969216340171218	70.92157899293774	4.976e+52	2.906992656597219	0.00012312723593661197	67.73932719720122	2.942e+52	2.639851997904699	0.00015929050665225702	1.097e+53
6.828e+01	6.015e-01	2.780e+52	69.38034934533515	338/LOGS/profile78	85.85234209302696	8.046e-02	63.066941375909344	1.319789270582572	72.92122294559404	5.147e+52	2.948715541160902	0.0001205629997020752	69.59579222681536	3.015e+52	2.689017958123628	0.0001544942846643073	9.954e+52
7.018e+01	5.890e-01	2.854e+52	71.22669015783887	339/LOGS/profile64	85.66131922660072	8.911e-02	64.83454493964834	1.2035975745118055	74.90975023715126	5.335e+52	2.9947103507572703	0.00011839132132944212	71.44081276384627	3.089e+52	2.7354561017456747	0.00015055658364436503	8.944e+52
7.208e+01	5.775e-01	2.927e+52	73.06324092673378	340/LOGS/profile72	89.22357293918134	7.607e-02	66.31676361542297	1.302820573669702	76.90728688422054	5.508e+52	3.0317499813920357	0.00011596643909487117	73.26813490583152	3.149e+52	2.7546286007873304	0.00014720276758572537	8.307e+52
7.398e+01	5.624e-01	2.980e+52	74.89774754592837	341/LOGS/profile70	90.43435087208643	7.503e-02	67.64956267734723	1.3071747693264797	78.86288814089234	5.649e+52	3.076418884714563	0.00011295817515478611	75.11197501111421	3.209e+52	2.801654358788765	0.00014088264983440417	7.308e+52
4.097e+00	4.063e-01	3.742e+50	4.83010415120243	342/LOGS/profile58	77.33987785571388	1.889e-02	3.104246023934278	1.2784327381624854	4.999568198476081	1.230e+51	1.473292628876184	0.0008025214205406062	4.984279098578239	1.193e+51	1.473292628876184	0.0020670942185926056	1.060e+52
7.560e+00	5.589e-01	1.012e+51	8.645740182429194	344/LOGS/profile100	42.97894657536621	4.484e-02	6.484650579316755	0.8194246273906657	8.998277260778512	3.071e+51	0.9397514763603059	0.0005480100897603055	8.930002937856848	2.844e+51	0.9397514763603059	0.0009212177124913261	2.734e+52
9.240e+00	6.036e-01	1.496e+51	10.568710058330657	345/LOGS/profile18	42.545050905507	6.207e-02	7.969900587250131	0.8335218396516417	10.996936870758383	4.182e+51	1.0418512523052457	0.00048477421603385117	10.88567289051426	3.767e+51	1.020941897382119	0.0008468249403880665	4.043e+52
1.090e+01	7.269e-01	2.277e+51	12.516514122041176	346/LOGS/profile90	32.42636865167006	9.076e-02	9.763574779628343	0.8158579955155152	12.99536436384144	5.348e+51	1.1438079740137639	0.00043482905501472267	12.864767294741212	4.846e+51	1.0447753615541389	0.0006710911798894909	7.529e+52
1.263e+01	7.244e-01	2.938e+51	14.449665738666265	347/LOGS/profile30	35.5864880626966	1.157e-01	11.327059908661461	0.7602040237904182	14.995029932746258	6.581e+51	1.2362938761241433	0.00039646782052819786	14.816910068509078	5.854e+51	1.1318169404153713	0.000623624339881493	9.054e+52
1.364e+01	9.332e-01	4.152e+51	16.417358603064695	348/LOGS/profile25	20.423613030156798	1.935e-01	13.23209059480182	0.6242152075108921	16.994230742645723	7.912e+51	1.3228662635925699	0.0003645831960837193	16.76534852262842	6.926e+51	1.2146305046995527	0.0005669152065822093	3.906e+53
8.541e+00	9.994e-01	5.039e+51	18.344266149352894	349/LOGS/profile83	7.131744721040671	4.174e-01	15.124795180052717	0.6027983282583648	18.99220878789371	9.304e+51	1.4047825325527694	0.0003404501135272296	18.674593221367235	7.843e+51	1.2689222296515796	0.0005389203876038075	3.028e+54
8.423e+00	9.994e-01	5.944e+51	20.27905389702405	350/LOGS/profile99	7.521779747934704	5.162e-01	16.080316042019614	0.6457600958662162	20.991242812420992	1.082e+52	1.4820121318754875	0.00032148708089580505	20.603321521750697	8.954e+51	1.3331415763445562	0.0005103111947041045	2.979e+54
9.204e+00	9.994e-01	6.823e+51	22.19783392867411	351/LOGS/profile7	7.969732878414146	5.396e-01	17.679766022158386	0.6897725877363412	22.990035083011406	1.236e+52	1.5579261776145168	0.00030348391247090337	22.537991963433022	1.010e+52	1.4109075618695814	0.0004900051984693284	3.293e+54
7.729e+00	9.994e-01	7.799e+51	24.09772509429573	352/LOGS/profile81	8.579645241643163	6.501e-01	21.025493203983306	0.6933737608798679	24.987231292723788	1.400e+52	1.6321430824004366	0.0002896652975367426	24.45521092368945	1.122e+52	1.4741661314642651	0.00044715928441242187	2.700e+54
7.869e+00	9.994e-01	8.803e+51	26.01532821758159	353/LOGS/profile77	9.103610787245453	7.081e-01	22.44410438965999	0.7136250671034635	26.9864127375358	1.563e+52	1.6864160227154257	0.0002758674294890425	26.3587888512495	1.228e+52	1.5156540072009141	0.00044148634224897395	2.756e+54
8.724e+00	9.994e-01	9.784e+51	27.938319016822874	354/LOGS/profile98	9.435061049362188	7.628e-01	24.675024582558592	0.7189956669293184	28.983488521317224	1.713e+52	1.7612813486829737	0.000261271514246735	28.28180805631343	1.330e+52	1.5915027683457152	0.00040641119665292053	3.099e+54
9.407e+00	9.994e-01	1.075e+52	29.835507246000613	355/LOGS/profile94	9.827894804886434	7.728e-01	26.22571017568961	0.7603127365405098	30.982283937866807	1.896e+52	1.8352547138999755	0.0002521823732724276	30.178375497068615	1.440e+52	1.6493636541366818	0.00038820130507221236	3.374e+54
9.859e+00	9.994e-01	1.182e+52	31.75369969304557	356/LOGS/profile85	10.217675506414464	7.798e-01	28.312092990952106	0.8148806335909199	32.97961365384637	2.054e+52	1.8926438590778434	0.00024041427306690632	32.09150995330571	1.544e+52	1.705569392725605	0.0003694519371151656	3.555e+54
1.177e+01	9.994e-01	1.284e+52	33.659985539496105	357/LOGS/profile85	10.588130682252913	9.397e-01	29.666037840316466	0.6861166494660316	34.97728563510396	2.222e+52	1.9459105263078456	0.0002306152895086363	33.98765877618606	1.646e+52	1.7525250287764826	0.0003477394803167128	4.323e+54
1.133e+01	9.994e-01	1.384e+52	35.560666979799365	358/LOGS/profile76	10.974464841495761	8.263e-01	31.721349659842073	0.8523431853536719	36.97181694290573	2.392e+52	2.010852506814559	0.0002217912305896691	35.88301759750524	1.745e+52	1.8108160361063403	0.00033624195989969227	4.144e+54
1.255e+01	9.994e-01	1.484e+52	37.46487499597332	359/LOGS/profile80	11.267572144044317	8.964e-01	33.35106140710057	0.8123892442023976	38.97422551498085	2.570e+52	2.069994359911099	0.00021389576146322708	37.78160046678878	1.849e+52	1.8693901237945358	0.0003227765725777975	4.639e+54
1.251e+01	9.994e-01	1.583e+52	39.340301936198266	360/LOGS/profile75	11.607107460636277	8.143e-01	35.417455460535706	0.9306784951631195	40.96807231472499	2.760e+52	2.1272778498971814	0.00020752592744713546	39.661262727175725	1.953e+52	1.9176360200958795	0.00030726012337271125	4.621e+54
1.352e+01	9.994e-01	1.687e+52	41.24038614778339	361/LOGS/profile90	11.962329513364432	8.545e-01	37.1879261616884	0.9349221777819701	42.969024286316746	2.939e+52	2.188356839658808	0.000200400351014361	41.554304201797656	2.053e+52	1.9777165130693004	0.00029188866857521615	5.026e+54
1.380e+01	9.994e-01	1.799e+52	43.131327904538566	362/LOGS/profile73	12.314608811666268	8.294e-01	38.38189736613389	1.0019009578465927	44.96528491900415	3.118e+52	2.229847921472776	0.00019398745190070014	43.426070750682975	2.149e+52	1.999525344937426	0.00028155316337754585	5.136e+54
1.526e+01	9.994e-01	1.873e+52	44.98306762001684	363/LOGS/profile83	12.596615137311153	8.960e-01	40.563379444243736	0.9339427303540297	46.95805852441404	3.307e+52	2.291561325177842	0.00018849105783817354	45.29638069336874	2.240e+52	2.055892543329716	0.0002699992755119155	5.725e+54
1.790e+01	9.994e-01	1.956e+52	46.844811805502474	364/LOGS/profile75	12.453412534145333	8.807e-01	41.73415216928468	0.9344386725647048	48.95685969692972	3.494e+52	2.342049248934723	0.00018296646114172966	47.166401015120236	2.332e+52	2.101669180504444	0.00026386058408152385	6.786e+54
2.479e+01	9.994e-01	2.077e+52	48.73463688525733	365/LOGS/profile70	12.946531155300663	8.205e-01	43.94427149017784	0.8912070522578953	50.95431335481022	3.671e+52	2.374134218157665	0.00017725662960954924	49.03320533976394	2.428e+52	2.1219786549489363	0.0002563213546342426	9.550e+54
2.565e+01	9.994e-01	2.142e+52	50.63130061985263	366/LOGS/profile77	13.476604661207668	7.264e-01	46.050639276184064	0.9861016967283671	52.9503773429642	3.854e+52	2.473546867430028	0.0001721065945956067	50.92916099463507	2.503e+52	2.2273108823643613	0.0002416445233802883	9.897e+54
2.599e+01	9.994e-01	2.235e+52	52.49556383192931	367/LOGS/profile74	13.763159692649351	7.268e-01	47.53115859844982	1.0262605405334442	54.94861376773333	4.071e+52	2.5276358658411753	0.00016866680329072762	52.80721757535232	2.614e+52	2.2964927383279408	0.00022922909304739616	1.004e+55
5.238e+01	7.593e-01	2.296e+52	54.33579480997306	368/LOGS/profile84	55.520054471176245	1.821e-01	49.50729461117735	1.0652915375401726	56.94359537693714	4.246e+52	2.571289432814297	0.00016367434198673016	54.652278804512385	2.682e+52	2.322429733578428	0.00022295589696639154	2.723e+53
5.430e+01	7.446e-01	2.401e+52	56.223643361144674	369/LOGS/profile60	58.658409014517254	1.673e-01	51.262061973841	1.132905341375044	58.94388290247455	4.436e+52	2.630950990147357	0.00015942756120651956	56.52420068369282	2.766e+52	2.379392058157539	0.00021326443703273377	2.646e+53
5.626e+01	7.381e-01	2.501e+52	58.07092419158166	370/LOGS/profile75	58.701082351062304	1.763e-01	52.297864345200004	1.0435719073532006	60.931356407570455	4.627e+52	2.6587112810595284	0.0001557030252201	58.36284526715836	2.856e+52	2.3901508386308454	0.00021127042752535255	2.424e+53
5.827e+01	7.191e-01	2.564e+52	59.90330952093574	371/LOGS/profile64	63.707935224112624	1.402e-01	54.23395598490712	1.170527827004348	62.927707748279644	4.822e+52	2.6977898839344063	0.0001520471955921134	60.214647943643115	2.942e+52	2.436269300743332	0.00020345958743124684	2.077e+53
6.017e+01	7.010e-01	2.653e+52	61.77250997401092	372/LOGS/profile60	61.94387475351165	1.633e-01	56.16666053759324	1.1801219565528234	64.93433249190758	5.039e+52	2.76246827235101	0.000148899246743573	62.08026330205968	3.028e+52	2.502299922651621	0.00019335423463800414	1.999e+53
6.212e+01	6.819e-01	2.724e+52	63.63609522694815	373/LOGS/profile63	68.43534475760822	1.375e-01	58.32584467364442	1.2513367237787227	66.92357484113927	5.218e+52	2.8139204186213336	0.00014514792284592233	63.94059302179619	3.099e+52	2.561442908338325	0.00018941970388749703	1.760e+53
6.400e+01	6.677e-01	2.811e+52	65.50171885015463	374/LOGS/profile69	73.84035473141357	1.373e-01	60.09729033767706	1.0340345705815432	68.90636352087498	5.395e+52	2.8678361270583244	0.00014153932108359113	65.79967630818686	3.174e+52	2.608892866468816	0.00018076604548278273	1.607e+53
6.598e+01	6.663e-01	2.926e+52	67.32429394543914	375/LOGS/profile79	71.4404342563612	1.261e-01	60.78935330505058	1.1970693715667537	70.92462103646842	5.612e+52	2.8667459043318115	0.0001389242400624704	67.61031370035792	3.273e+52	2.5875923191760726	0.00018083265666438424	1.479e+53
6.787e+01	6.456e-01	2.992e+52	69.19558935329063	376/LOGS/profile65	77.03859674947277	1.197e-01	62.5212974499564	1.167229921642092	72.92050939622288	5.803e+52	2.941839501115673	0.0001358582941556706	69.47512325641037	3.332e+52	2.6638413793686793	0.0001704099984260001	1.366e+53
6.979e+01	6.284e-01	3.052e+52	71.01865072326926	377/LOGS/profile62	78.64369639504962	1.069e-01	64.11950146595909	1.4033646758206118	74.89931683330774	6.008e+52	2.991726296120344	0.0001333129521653853	71.31472369330794	3.410e+52	2.7183576555636972	0.0001666343615146888	1.244e+53
7.168e+01	6.083e-01	3.095e+52	72.84851670195052	378/LOGS/profile67	84.73993238051374	1.023e-01	65.71410579701237	1.2090505970325762	76.90635636980114	6.210e+52	3.042088052788927	0.00013068630573843	73.15296082302098	3.469e+52	2.7725670495158683	0.00015885330389496326	1.055e+53
7.361e+01	6.103e-01	3.225e+52	74.67470914066637	379/LOGS/profile63	83.78895107355402	9.440e-02	67.38759554253511	1.2292070022063368	78.8759930349374	6.378e+52	3.031129075137242	0.00012762005745496475	74.9732884458618	3.584e+52	2.754804932588524	0.00015774042593419264	9.630e+52
4.007e+00	3.992e-01	4.195e+50	4.820303359721331	380/LOGS/profile24	91.57843225467447	1.988e-02	3.0691611643602985	1.5223393219694001	4.9995687372522495	1.359e+51	1.7966423526382427	0.0008852009407794587	4.985687544032731	1.322e+51	1.7966423526382427	0.0012799242861143067	1.118e+52
7.443e+00	4.826e-01	1.032e+51	8.621243219649406	382/LOGS/profile71	66.24469590144773	3.752e-02	6.048167252868933	1.099117065178241	8.99828039504483	3.403e+51	1.2828998857555125	0.0006066449133877678	8.928571389830793	3.142e+51	1.2828998857555125	0.001037508791785249	2.314e+52
9.184e+00	6.580e-01	1.555e+51	10.517919269584088	383/LOGS/profile5	35.221883682185144	7.330e-02	8.138515812954433	0.7000834679778553	10.997639786868843	4.641e+51	1.0461759419284258	0.0005356540421962482	10.906379509804356	4.278e+51	0.9633307027106295	0.0008193637826537357	4.771e+52
1.080e+01	7.815e-01	2.369e+51	12.461163091609206	384/LOGS/profile95	27.70516875958178	1.123e-01	9.81852004104583	0.6833714513920924	12.99659808204564	5.940e+51	1.147397753893497	0.0004808573162758711	12.859698146381405	5.347e+51	1.0597871477776213	0.0007399013773954212	9.196e+52
1.187e+01	9.365e-01	3.342e+51	14.410051444661882	385/LOGS/profile36	18.482366560376562	1.853e-01	11.517566931214096	0.561423876080756	14.995034244677493	7.307e+51	1.2455702378442823	0.0004663392914918924	14.807156114772306	6.440e+51	1.1473944433817707	0.0006819655783053078	3.623e+53
1.367e+01	9.253e-01	4.144e+51	16.339206136519202	386/LOGS/profile92	20.919034723185817	1.938e-01	13.10637680543755	0.6229573390686778	16.99418928369413	8.789e+51	1.3242540256615014	0.0004050202876597997	16.73541517426009	7.524e+51	1.2194636344614327	0.0006247290447451883	3.626e+53
9.392e+00	9.994e-01	5.036e+51	18.25355578136311	387/LOGS/profile91	7.152281857175601	3.846e-01	15.473701569689615	0.6159806565979447	18.992990762371548	1.034e+52	1.4055201733679843	0.0003772850488685762	18.668301724470602	8.677e+51	1.2875411359510813	0.0005877781054357101	3.370e+54
1.017e+01	9.994e-01	5.943e+51	20.172778113250548	388/LOGS/profile13	7.64863760732612	4.450e-01	16.98351851177478	0.6231706579525084	20.99150464460136	1.203e+52	1.4874302975510616	0.0003569071172593943	20.584627421252154	9.829e+51	1.343668756421683	0.0005616857268823706	3.679e+54
1.076e+01	9.994e-01	6.862e+51	22.087806349241372	389/LOGS/profile89	8.032300084747726	5.284e-01	17.938220880891873	0.6179085835141965	22.98949576716563	1.374e+52	1.5650214102187279	0.00033732192233652076	22.512400272361866	1.105e+52	1.4195805846080798	0.0005284266072183529	3.920e+54
7.748e+00	9.994e-01	7.824e+51	23.98007332248499	390/LOGS/profile93	8.582007995642593	7.744e-01	20.98704723797555	0.5872534719055078	24.988339962764464	1.557e+52	1.6334813287740657	0.0003218706565930517	24.42677169883109	1.229e+52	1.4823402201092772	0.0004942294159722296	2.707e+54
7.971e+00	9.994e-01	8.874e+51	25.903628803079236	391/LOGS/profile95	8.983340548861024	7.604e-01	22.78112918075285	0.6788416711000332	26.985899323990335	1.738e+52	1.7024666906434445	0.0003067592263099959	26.335008782672386	1.345e+52	1.53485747596454	0.00047454941083762564	2.798e+54
8.559e+00	9.994e-01	9.863e+51	27.7994239798098	392/LOGS/profile84	9.416695461274484	7.801e-01	24.656865735238295	0.7190942539086014	28.984015489572023	1.906e+52	1.771540081464092	0.00029042493708216643	28.25553259599409	1.460e+52	1.611464327381377	0.0004383934846983674	3.033e+54
9.262e+00	9.994e-01	1.088e+52	29.704656502022033	393/LOGS/profile99	9.788548613178081	8.120e-01	26.289347500955113	0.7454010636642325	30.981719353927666	2.110e+52	1.8384450470054794	0.0002804140310667722	30.15246885314755	1.584e+52	1.663742437678413	0.0004214600763277198	3.314e+54
9.685e+00	9.994e-01	1.200e+52	31.605142516233066	394/LOGS/profile78	10.246847273433437	8.236e-01	28.449161956720925	0.7949688503205825	32.97779591724959	2.285e+52	1.8814970143820045	0.00026727077435249067	32.04242289868284	1.689e+52	1.694410981848835	0.0004035767175591003	3.484e+54
1.030e+01	9.994e-01	1.303e+52	33.51600859871834	395/LOGS/profile79	10.562055345397173	8.230e-01	29.936678165314298	0.837597864108133	34.977756621715756	2.473e+52	1.9588151261038202	0.00025645257859046856	33.94912495518789	1.801e+52	1.769909224772877	0.0003867494565375513	3.732e+54
1.206e+01	9.994e-01	1.415e+52	35.396722058136184	396/LOGS/profile89	10.935558018147866	1.054e+00	31.66889997297007	0.675449406459252	36.97550760453029	2.666e+52	1.996059574359129	0.00024679971967787087	35.82333990754402	1.909e+52	1.7842707754887164	0.0003746299653714495	4.440e+54
1.223e+01	9.994e-01	1.519e+52	37.31134324691447	397/LOGS/profile80	11.222925777808474	9.615e-01	33.514580299246305	0.7951505537905761	38.971657174110156	2.860e+52	2.0755873122047905	0.0002379068567049704	37.73215677168969	2.023e+52	1.8700235890188621	0.0003570778211250896	4.507e+54
1.269e+01	9.994e-01	1.625e+52	39.1935516860786	398/LOGS/profile84	11.544264413840475	9.174e-01	35.174082351984445	0.8798393076559774	40.96545955929381	3.072e+52	2.1375430070380728	0.00023090948782919905	39.61765598228065	2.141e+52	1.929239201033436	0.00034073756876230096	4.689e+54
1.322e+01	9.994e-01	1.729e+52	41.07161932204873	399/LOGS/profile87	11.936938306474964	9.168e-01	37.20361812901902	0.9126397664677071	42.96847528369124	3.272e+52	2.187670471384422	0.0002231184870873183	41.49516057761729	2.246e+52	1.9734328006551398	0.00032344344298026545	4.901e+54
1.441e+01	9.994e-01	1.861e+52	42.970750795200814	400/LOGS/profile79	12.252267214602488	1.034e+00	38.36687890611639	0.8507408641598642	44.96512751993733	3.473e+52	2.219449115750205	0.0002159048721257799	43.372507470197604	2.363e+52	1.99251106185997	0.00030977062799677325	5.383e+54
1.463e+01	9.994e-01	1.957e+52	44.85288604166632	401/LOGS/profile93	12.559961186593663	9.589e-01	40.35195140121157	0.9553955138958874	46.963626715019544	3.687e+52	2.2900383169240865	0.00020986403109627918	45.25502664977075	2.469e+52	2.0681535404784714	0.00029727299254502307	5.470e+54
1.706e+01	9.994e-01	2.022e+52	46.70886499886456	402/LOGS/profile75	12.824493319453147	9.642e-01	42.13300903115113	0.9211672085454631	48.957878201052644	3.893e+52	2.376084926547773	0.00020355716687984958	47.127568044834526	2.550e+52	2.1535000227951793	0.00028042955081423733	6.444e+54
1.696e+01	9.994e-01	2.130e+52	48.585376877257474	403/LOGS/profile77	13.113714878950478	9.998e-01	43.985325629570205	0.9328084345009924	50.9530666694814	4.089e+52	2.4231969651224703	0.00019736291754075306	48.99264585440442	2.645e+52	2.1876216774385013	0.00027445298994356506	6.407e+54
2.457e+01	9.994e-01	2.212e+52	50.445661577985966	404/LOGS/profile82	13.434707362039852	8.150e-01	45.64363432922011	0.971685363166865	52.94788193546483	4.293e+52	2.4771927014123345	0.00019159070095000418	50.85906189299717	2.737e+52	2.243405269997438	0.0002599302977276896	9.466e+54
1.803e+01	9.994e-01	2.371e+52	52.3343626338555	405/LOGS/profile82	13.660591174209506	1.040e+00	47.4571814934716	0.9753252155839575	54.95052065613692	4.538e+52	2.4749085282706185	0.0001877871828519329	52.72528374549342	2.894e+52	2.2315752745845265	0.0002610857645806349	6.836e+54
1.908e+01	9.994e-01	2.461e+52	54.170204377711116	406/LOGS/profile76	13.970952208478623	9.917e-01	48.5128406779329	1.0339542935701933	56.94570049896954	4.733e+52	2.5320647525813884	0.0001823663434724168	54.564097956493505	2.966e+52	2.2749931154627965	0.0002497051547376535	7.259e+54
2.851e+01	9.994e-01	2.541e+52	56.013220013890326	407/LOGS/profile70	14.354772154373514	8.812e-01	50.60691386120264	0.967793087030635	58.94151111281632	4.942e+52	2.580684253802797	0.00017765067675873107	56.41097463694957	3.049e+52	2.3156899856020257	0.00024006647395717124	1.105e+55
2.221e+01	9.994e-01	2.609e+52	57.901725653117225	408/LOGS/profile75	13.848336205860354	9.496e-01	52.488644295571135	1.0668183713648274	60.93062406255996	5.157e+52	2.6753441617055533	0.00017335448655924173	58.29800930131184	3.125e+52	2.4254283748137673	0.00022678904332214774	8.514e+54
5.778e+01	7.595e-01	2.736e+52	59.75671913144338	409/LOGS/profile67	57.53242913514289	2.094e-01	53.91883407288567	1.033644841458211	62.93528331691676	5.380e+52	2.6982673765674074	0.00016941180964832281	60.133769652453175	3.228e+52	2.4284531743369655	0.00022323897221356717	2.765e+53
5.974e+01	7.338e-01	2.785e+52	61.57745385318618	410/LOGS/profile74	61.02930720825721	1.873e-01	56.46259305597869	1.0937066296127385	64.93732303722724	5.619e+52	2.7622480363773847	0.00016598756865237978	61.98115327033932	3.309e+52	2.5036740749942346	0.0002139915620395473	2.443e+53
6.165e+01	7.295e-01	2.925e+52	63.46782808120842	411/LOGS/profile65	63.54560499837173	1.842e-01	57.27132852078438	1.065849224991334	66.93050543717375	5.822e+52	2.795327042640797	0.00016190411398872036	63.833692400051525	3.407e+52	2.519552393273391	0.00020835031998794724	2.350e+53
6.363e+01	7.012e-01	2.964e+52	65.30941482424075	412/LOGS/profile60	62.69394996470079	1.910e-01	59.49063848243639	1.2098994824060882	68.90695505990233	6.015e+52	2.868432954746917	0.00015785541997713617	65.68658187230307	3.462e+52	2.6018503293290256	0.0002008910399320191	2.089e+53
6.556e+01	6.819e-01	3.014e+52	67.11331887154425	413/LOGS/profile70	72.67487659753984	1.382e-01	60.81304614829246	1.2102159039940381	70.91999407995209	6.253e+52	2.9084350806769277	0.00015455129349605998	67.50926987903208	3.538e+52	2.6420551334545532	0.00019370676830588745	1.776e+53
6.747e+01	6.747e-01	3.134e+52	68.98496667160728	414/LOGS/profile64	74.87185757957577	1.377e-01	62.52474654202283	1.1760129198215623	72.9197267366062	6.469e+52	2.9520250727652795	0.00015140586766849564	69.35912133732954	3.624e+52	2.677246937558595	0.0001864117891967738	1.684e+53
6.938e+01	6.567e-01	3.204e+52	70.818901409019	415/LOGS/profile59	78.42025059974013	1.193e-01	64.9242327442766	1.3225975566902377	74.89804188982013	6.698e+52	3.0053609851227066	0.00014870412613620678	71.19508533467993	3.702e+52	2.7322330382039577	0.00018204150076730973	1.566e+53
7.127e+01	6.477e-01	3.310e+52	72.6692603691448	416/LOGS/profile65	76.07989742193364	1.460e-01	65.92077573074661	1.1716074525170943	76.90533831984581	6.923e+52	3.0419860628640274	0.00014551505098933608	73.0361736200449	3.794e+52	2.7623650453018778	0.0001779808431013051	1.452e+53
7.320e+01	6.388e-01	3.404e+52	74.5098697592817	417/LOGS/profile62	82.64845656464392	1.153e-01	67.42479939094257	1.225679712616897	78.86641365752642	7.105e+52	3.080971520646699	0.0001421630713017933	74.87174354119595	3.876e+52	2.793529130607855	0.00017220335865360953	1.332e+53
7.479e+00	5.329e-01	9.872e+50	8.560786235712804	420/LOGS/profile1	47.70047357741577	4.217e-02	6.346682623588329	0.8674889746670754	8.998223780453952	3.735e+51	1.0120088781582712	0.00066395287371801	8.937063276895904	3.488e+51	1.0120088781582712	0.0009895966738976867	2.529e+52
9.102e+00	7.338e-01	1.639e+51	10.475134555244127	421/LOGS/profile3	29.061028658744295	8.269e-02	8.016401806338706	0.6611863009821906	10.997642896013188	5.099e+51	1.0557780399820929	0.0005875456819937745	10.876006256660137	4.522e+51	0.9521756005815852	0.0009822370218123813	5.960e+52
1.082e+01	6.768e-01	2.146e+51	12.378201243936605	422/LOGS/profile100	37.316520700108995	9.248e-02	9.43999742112376	0.734066620867075	12.996603781512569	6.530e+51	1.1599351399530307	0.0005278670064637379	12.850939796786973	5.820e+51	1.0793503656641332	0.0008038664813282572	6.214e+52
1.198e+01	9.079e-01	3.278e+51	14.337310250687413	423/LOGS/profile8	20.13220210219534	1.684e-01	11.529388704891222	0.6021339255697562	14.995606171816707	8.041e+51	1.2522222350671226	0.0004803130487530338	14.804156331279154	7.056e+51	1.160383923295868	0.0007076697085455663	2.656e+53
1.339e+01	9.502e-01	4.094e+51	16.249213109123122	424/LOGS/profile16	19.275549507468515	2.140e-01	13.10303290783651	0.5575820066534548	16.99436097843277	9.674e+51	1.3415487698456878	0.00044533383733073726	16.73770237255944	8.271e+51	1.2420309660221012	0.0006818220875108178	4.688e+53
9.482e+00	9.994e-01	4.983e+51	18.157064225536374	425/LOGS/profile97	7.070573644819487	3.713e-01	15.101055443546706	0.6142604846116959	18.993052477249183	1.139e+52	1.4244882962387153	0.00041565541919327055	18.654519126628667	9.427e+51	1.3076386851818862	0.0006373603207311732	3.404e+54
8.597e+00	9.994e-01	5.941e+51	20.093336880311195	426/LOGS/profile97	7.496776482474467	5.118e-01	16.2661571783611	0.6392278166686026	20.991622511432872	1.325e+52	1.4956481487328033	0.0003926195398007467	20.570662999871427	1.071e+52	1.3627310491563505	0.0006257470898010351	3.051e+54
6.596e+00	9.994e-01	6.836e+51	21.966013558791104	427/LOGS/profile87	8.143812031203653	6.095e-01	19.289574389908907	0.6906779857188725	22.989575107347648	1.514e+52	1.5733829266414991	0.00037110331981823745	22.493977638535593	1.202e+52	1.4407162772916928	0.0005652102008784113	2.246e+54
7.591e+00	9.994e-01	7.853e+51	23.880258191702172	428/LOGS/profile89	8.661603155705606	8.312e-01	21.028218684791984	0.5531617340104961	24.98815509974514	1.716e+52	1.6293542639291254	0.00035407376833846376	24.398755665188414	1.335e+52	1.482253386031839	0.0005578326353115393	2.645e+54
7.689e+00	9.994e-01	8.871e+51	25.789987810651784	429/LOGS/profile85	8.977882147483859	7.360e-01	22.577935982241662	0.7194132842814179	26.98597434943281	1.916e+52	1.7102846924284427	0.00033764447181643646	26.31771720214914	1.469e+52	1.5628965527983576	0.0005092590326088087	2.682e+54
8.583e+00	9.994e-01	9.891e+51	27.699259351914797	430/LOGS/profile97	9.397828983569827	8.160e-01	24.422556959994946	0.694049007650451	28.983560818613658	2.101e+52	1.7733938438705346	0.00031990251781698867	28.229282068106862	1.589e+52	1.6238267223926457	0.0004836359489604541	3.042e+54
9.668e+00	9.994e-01	1.094e+52	29.579224196442446	431/LOGS/profile92	9.748100675690411	9.483e-01	26.1611270840898	0.6319937405186148	30.980757969776477	2.326e+52	1.8396136080247367	0.00030888285998685334	30.12342883498872	1.725e+52	1.6745509757011268	0.00046045062273164023	3.478e+54
9.858e+00	9.994e-01	1.198e+52	31.47471133010303	432/LOGS/profile94	10.122363880943688	8.690e-01	28.02847430815249	0.7551881077245939	32.979736988655795	2.521e+52	1.9085570214207226	0.00029451726777594985	32.02093322381783	1.837e+52	1.7340718141383524	0.0004381383827390954	3.553e+54
1.042e+01	9.994e-01	1.314e+52	33.38036586084291	433/LOGS/profile82	10.533977789362591	8.784e-01	29.943141570532287	0.7686633246691792	34.97825132515018	2.729e+52	1.96091239490123	0.00028259314947227726	33.91287789905965	1.957e+52	1.7842406004411797	0.0004151215514186877	3.780e+54
1.176e+01	9.994e-01	1.421e+52	35.271766480612825	434/LOGS/profile84	10.827744503853202	1.030e+00	31.58213865428465	0.709695010533207	36.97557039402713	2.941e+52	2.024513118787566	0.0002720596924000319	35.80660728091906	2.080e+52	1.8386337894999085	0.00039574607986965775	4.317e+54
1.224e+01	9.994e-01	1.533e+52	37.15051270205397	435/LOGS/profile86	11.226592206476614	1.001e+00	33.77099204604378	0.7746297452641386	38.97278126794774	3.157e+52	2.066327512030506	0.0002622865823242137	37.6879816864619	2.204e+52	1.8743021010772583	0.0003798423800550118	4.511e+54
1.261e+01	9.994e-01	1.653e+52	39.0319638047343	436/LOGS/profile91	11.583298250218846	9.687e-01	35.48195022795903	0.8581283188573605	40.965397803337716	3.390e+52	2.1282192398537623	0.0002546247188993976	39.56612732036616	2.329e+52	1.9306426629611682	0.00036870293278190553	4.659e+54
1.307e+01	9.994e-01	1.765e+52	40.91702846359411	437/LOGS/profile78	11.8677883583635	9.481e-01	37.364630470355586	0.9233612321908174	42.96815977996826	3.612e+52	2.1814162523264886	0.000246035000729244	41.446671780409524	2.445e+52	1.975529963608822	0.00034934794862907207	4.845e+54
1.492e+01	9.994e-01	1.866e+52	42.78013936349431	438/LOGS/profile82	12.155417195187745	1.177e+00	38.70774396400492	0.7475133014566218	44.96450681869206	3.833e+52	2.2275846534280035	0.00023802717012555105	43.319354252622176	2.563e+52	2.0132726244295687	0.00034130409138099463	5.587e+54
1.429e+01	9.994e-01	1.993e+52	44.66557960253644	439/LOGS/profile77	12.481040582920507	9.542e-01	40.045750417428884	0.9803778986972878	46.96345074267835	4.071e+52	2.2807081864745316	0.00023143742039976865	45.1876246933829	2.680e+52	2.0560106927945454	0.0003289175681255897	5.331e+54
1.613e+01	9.994e-01	2.103e+52	46.53721821909613	440/LOGS/profile80	12.806146153813147	1.167e+00	42.07525347669804	0.8239101547043789	48.957948724065005	4.298e+52	2.332742869305979	0.0002246991080469934	47.059715893010505	2.796e+52	2.1055227677459074	0.00031295874644210887	6.071e+54
1.550e+01	9.994e-01	2.188e+52	48.42433377967066	441/LOGS/profile73	13.072667114045343	9.341e-01	43.81875393559962	1.0542336225058684	50.95161176330122	4.514e+52	2.42780080827567	0.00021776950221161247	48.93549724979751	2.875e+52	2.204913921800396	0.00029588878917781084	5.820e+54
1.707e+01	9.994e-01	2.327e+52	50.286504894805184	442/LOGS/profile79	13.404589736086939	1.113e+00	45.50550894066989	0.9339580172822409	52.950659865747134	4.743e+52	2.4352185126061276	0.00021159959865902603	50.78197917791945	2.999e+52	2.190362251932626	0.00029591390975707455	6.450e+54
1.808e+01	9.994e-01	2.386e+52	52.1187438930037	443/LOGS/profile77	13.657241075238932	1.064e+00	47.192843712506615	0.9707327724335653	54.94817176285718	5.010e+52	2.5345381170411425	0.00020717118729048385	52.63851294197633	3.083e+52	2.295423784425147	0.000273096796203048	6.857e+54
1.927e+01	9.994e-01	2.502e+52	53.994442333465614	444/LOGS/profile78	13.92355140980539	1.054e+00	49.43726591052877	1.004736018795933	56.947691822323506	5.229e+52	2.5720046105114855	0.000201309732821448	54.493382918997725	3.181e+52	2.3266399513538207	0.000269002209929717	7.335e+54
1.876e+01	9.994e-01	2.659e+52	55.86787049722492	445/LOGS/profile81	14.254486751171298	1.075e+00	51.48797313311504	1.0565553981050808	58.94474419034986	5.462e+52	2.580383688443963	0.0001961295509361575	56.35082377993472	3.326e+52	2.3249199876059565	0.0002647541953651088	7.129e+54
2.008e+01	9.994e-01	2.762e+52	57.729008370927936	446/LOGS/profile78	14.500910102074425	1.126e+00	51.87655561716392	1.0233819116250602	60.93843532817501	5.703e+52	2.62696747666725	0.0001915236591764199	58.21670582307317	3.444e+52	2.3710145764092765	0.00025645477928314673	7.656e+54
3.499e+01	9.994e-01	2.831e+52	59.59166970155038	447/LOGS/profile76	14.707318361649525	7.419e-01	53.87260695926061	1.0739951523981623	62.924499764092396	5.936e+52	2.721264555129312	0.0001868374160997966	60.06594961592618	3.495e+52	2.468865354320935	0.0002381826966660717	1.365e+55
2.902e+01	9.994e-01	2.908e+52	61.38123665272943	448/LOGS/profile69	14.179587306069358	1.080e+00	55.50720715473496	0.9420061559364029	64.92075124731275	6.196e+52	2.7623889817545453	0.00018328692745459566	61.87282557543389	3.579e+52	2.4879935321957	0.00023488262855832115	1.125e+55
2.274e+01	9.994e-01	3.055e+52	63.27863392334276	449/LOGS/profile78	15.285929487071568	1.110e+00	58.139408076299716	1.0776632377746378	66.93133912850898	6.434e+52	2.7557803478884466	0.00017875143478510505	63.76223042671928	3.742e+52	2.5187641642816043	0.0002330060745639015	8.726e+54
