Mbh		 abh		 AMexp		  Mexp		 filename		 tff			 Md			 Mco			 Rexp			  MHe_form			  AMfinal_He_form			 R_He_form			  Omega_mean_He_form			  MHe_dep			  AMfinal_He_dep			 R_He_dep			  Omega_mean_He_dep			 Eacc
7.363e+01	2.733e-01	1.297e+52	73.68047523776427	150/LOGS/profile29	60.44256667429661	2.288e-03	60.645793358714684	0.8186577788378228	76.91096463679617	2.132e+52	3.0461319031258456	4.494007773179246e-05	73.77874582737618	1.330e+52	2.783646075871501	5.971774061446962e-05	3.318e+50
7.544e+01	2.714e-01	1.347e+52	75.4887084490521	151/LOGS/profile34	93.36789264337881	2.148e-03	63.33011892432654	0.7994368051586843	78.9080228483076	2.196e+52	3.019394424258312	4.392991653578334e-05	75.5972152430732	1.383e+52	2.757161276333839	5.8641185098260215e-05	2.524e+50
4.115e+00	3.065e-01	4.797e+50	4.972557917669754	152/LOGS/profile8	89.30310420008725	1.112e-02	3.0201783039570076	1.4320460156643482	4.999591841522343	5.695e+50	1.9670824152856106	0.0003732922146998592	4.987552902391944	5.575e+50	1.9670824152856106	0.0005490905730975499	1.791e+51
5.992e+00	3.605e-01	7.038e+50	6.928815426087346	153/LOGS/profile17	67.31679037922456	1.109e-02	4.731574712182733	1.356271520535469	6.998883529406936	9.615e+50	1.356271520535469	0.0002979754742119036	6.973684129744724	9.317e+50	1.356271520535469	0.0004383156679188515	3.296e+51
7.817e+00	4.306e-01	1.062e+51	8.892801651723127	154/LOGS/profile92	47.21735272784819	1.862e-02	6.4191255954361734	0.9597454168726787	8.998218438438538	1.409e+51	1.2876410447067728	0.0002526299848355905	8.94950223813195	1.342e+51	1.2876410447067728	0.0003825788954612741	6.815e+51
9.509e+00	5.059e-01	1.606e+51	10.873799904398336	155/LOGS/profile21	37.86573757214331	3.210e-02	8.19807904622218	0.8553922594088125	10.996749928342735	1.914e+51	1.015014023883897	0.00022295182004065887	10.922977387504757	1.802e+51	0.9195830554024673	0.0003421273349018813	1.471e+52
1.128e+01	5.148e-01	2.155e+51	12.847714470614227	156/LOGS/profile11	38.110002965384645	4.129e-02	9.898810878692629	0.7638783231937427	12.996775018613524	2.445e+51	1.1163790585788138	0.00019950946051208187	12.885995856355867	2.262e+51	1.0101484292285563	0.00031206684843738	1.982e+52
1.308e+01	5.438e-01	2.642e+51	14.804240254673054	157/LOGS/profile79	34.849373619527995	3.510e-02	11.711527130178242	0.7764923758770427	14.995842134070582	3.003e+51	1.2148059879276532	0.00018106611261676437	14.812146256971932	2.665e+51	1.0324237622549257	0.00033611533258921404	3.001e+52
1.495e+01	5.429e-01	3.119e+51	16.750830413813233	158/LOGS/profile100	36.27180776480877	3.993e-02	13.219951759002766	0.6796952111225297	16.993429521561506	3.603e+51	1.2988517315540358	0.0001669316973025732	16.796309683906625	3.232e+51	1.176398248328058	0.0002604279234250215	3.511e+52
1.685e+01	5.471e-01	3.615e+51	18.69631407836661	159/LOGS/profile22	37.540838159862524	3.675e-02	14.823251764193985	0.6793226726927837	18.99164565763631	4.232e+51	1.3777808896840542	0.00015547214262103204	18.744379965858226	3.742e+51	1.2511132824148015	0.00024359804434937512	4.075e+52
1.879e+01	5.820e-01	4.107e+51	20.622967447600452	160/LOGS/profile22	34.70741565239732	2.629e-02	16.86232985618917	0.6913219974189414	20.9907688273516	4.919e+51	1.4634995854811956	0.000146779607399985	20.67012681111026	4.238e+51	1.3004871641222768	0.0002415905267300502	6.197e+52
2.080e+01	5.837e-01	4.606e+51	22.552326308715138	161/LOGS/profile4	36.28463846348427	2.272e-02	18.835882356296263	0.719829466892095	22.990383894886428	5.613e+51	1.542558596882612	0.0001382669719397368	22.611541684876226	4.776e+51	1.372306410241844	0.00022900023151709522	6.211e+52
2.285e+01	5.946e-01	5.141e+51	24.481733591917205	162/LOGS/profile7	39.61573804976883	2.275e-02	20.915177781204825	0.7052697523308704	24.98868283510929	6.355e+51	1.6124418380498342	0.00013190298137766515	24.550277894988884	5.348e+51	1.4478542074051106	0.0002135730813698663	5.953e+52
2.478e+01	5.767e-01	5.775e+51	26.44480300022491	163/LOGS/profile83	44.58358484713964	2.192e-02	21.531847823232845	0.7725999001750266	26.98706545846159	7.089e+51	1.6783668180305853	0.0001254743222079589	26.470629470341017	5.864e+51	1.5058416558364895	0.0002011790243375052	5.424e+52
2.694e+01	5.924e-01	6.161e+51	28.339593373872408	164/LOGS/profile4	46.21602583371654	2.054e-02	24.88360086003841	0.7178009783478192	28.98500157846787	7.767e+51	1.7416300405727774	0.00011875328124356806	28.403376791723858	6.366e+51	1.571422374814379	0.00019123109029627736	4.677e+52
2.893e+01	5.922e-01	6.800e+51	30.274909412821213	165/LOGS/profile95	48.82120704469368	1.819e-02	26.48771583145442	0.781727532273084	30.982878073321537	8.591e+51	1.7913033089406463	0.00011454855991184631	30.302725637375158	6.900e+51	1.6022685689504346	0.00018375720359898776	4.439e+52
3.099e+01	5.793e-01	7.147e+51	32.164505578837385	166/LOGS/profile99	53.96596723650059	1.664e-02	28.46511868823081	0.7764745487940741	32.98144636293091	9.303e+51	1.8827814129037101	0.00010911744432613156	32.24064933986213	7.403e+51	1.6935529902101583	0.0001726959510200167	3.480e+52
3.296e+01	5.702e-01	7.638e+51	34.07868544180265	167/LOGS/profile5	37.93590840015708	1.962e-02	28.33993018173851	0.7645573602958892	34.978618014353486	1.006e+52	1.9430458408116573	0.0011713775977588833	34.1591667882589	7.916e+51	1.7497773276514257	0.0011713775977588833	3.420e+52
3.498e+01	5.633e-01	8.240e+51	36.00817798260642	168/LOGS/profile99	42.384222389733544	1.307e-02	25.701828614808196	0.9844196454692326	36.97634884741153	1.083e+52	1.9807559710725924	0.0011214823829840469	36.046232945129965	8.384e+51	1.7757873984543064	0.0011214823829840469	2.925e+52
3.697e+01	5.471e-01	8.681e+51	37.91117131105751	169/LOGS/profile68	36.987252536595484	1.898e-02	33.420122796276665	0.7607475079446512	38.97495876804144	1.162e+52	2.0587443086171633	0.00021387718842855497	37.967775247319935	8.892e+51	1.8542990577266079	0.00021387718842855497	2.544e+52
3.900e+01	5.486e-01	9.249e+51	39.807302054410684	170/LOGS/profile84	64.2548333090328	9.826e-03	35.413313663622134	0.9461654423121425	40.97081639246904	1.248e+52	2.0942790473215833	9.40112261196833e-05	39.84733769947378	9.405e+51	1.8633282725623501	0.00014752864112437404	1.996e+52
4.092e+01	5.417e-01	9.728e+51	41.71117783458443	171/LOGS/profile87	45.45775177360288	1.712e-03	28.94881036299632	4.214310881673722	42.97002324549803	1.328e+52	4.214310881673722	0.0009619164668773295	41.75725715491736	9.910e+51	4.214310881673722	0.0009619164668773295	1.779e+52
4.292e+01	5.295e-01	1.018e+52	43.5957090111385	172/LOGS/profile80	46.38127085208244	4.249e-03	38.47787914565676	1.4750952733964475	44.96721667367514	1.409e+52	2.2004707496720806	0.00013776280212030845	43.642297276056325	1.037e+52	1.962624819571574	0.00013776280212030845	1.479e+52
4.490e+01	5.160e-01	1.069e+52	45.5030073066992	173/LOGS/profile78	30.952679997643205	3.494e-02	40.25487672944194	0.47258600412671775	46.964702546531974	1.495e+52	2.265051560086731	0.0008761844290502588	45.55345316717497	1.090e+52	2.0387882521653458	0.0008761844290502588	1.473e+52
4.681e+01	4.935e-01	1.109e+52	47.39885570584478	174/LOGS/profile40	44.173304354603985	1.882e-02	42.57048862756038	0.6890705411250421	48.96276851438038	1.578e+52	2.3513218631706003	8.491207824847958e-05	47.45804301751921	1.134e+52	2.1171805404258066	0.00012260521957583364	1.172e+52
4.877e+01	4.844e-01	1.156e+52	49.2647484062487	175/LOGS/profile62	32.85376806810167	2.920e-02	43.955308639551774	0.49495757764944315	50.957635769839904	1.657e+52	2.3628817470673105	8.183898691626332e-05	49.32290492943584	1.180e+52	2.1207915976149745	0.00012167202333804284	1.117e+52
5.071e+01	4.654e-01	1.195e+52	51.17472638835851	176/LOGS/profile62	95.57256193262405	5.771e-03	46.200706246963904	1.1580223580444127	52.95480581384214	1.739e+52	2.457263021370629	7.781410927795174e-05	51.239708130773614	1.222e+52	2.220886306471959	0.0001148774881994849	7.496e+51
5.262e+01	4.672e-01	1.250e+52	53.05085560030613	177/LOGS/profile55	31.742880200627724	2.350e-02	47.48249060282062	0.561629973476812	54.95447853334104	1.837e+52	2.493233126861884	0.00013904253369543924	53.11671633611793	1.278e+52	2.2585271749783526	0.00013904253369543924	7.982e+51
5.449e+01	4.536e-01	1.291e+52	54.8962283285974	178/LOGS/profile48	47.06014851931655	1.505e-02	49.068266010495044	0.681821919155885	56.9429935423535	1.914e+52	2.508781727365851	7.290011691456722e-05	54.96386789212257	1.319e+52	2.24947956376509	0.00010883386738263003	7.339e+51
5.644e+01	4.351e-01	1.326e+52	56.81296794750618	179/LOGS/profile44	31.534649175187813	1.972e-02	50.901142820804694	0.5977063228018451	58.94386608518799	1.999e+52	2.6103421517249434	7.587302711853928e-05	56.888544776376044	1.358e+52	2.370024218777344	0.00010340096736375764	6.172e+51
5.835e+01	4.295e-01	1.376e+52	58.677855092946025	180/LOGS/profile38	34.9934333229173	1.686e-02	52.321743214177715	0.618352688495526	60.93860787898107	2.087e+52	2.6262649474219146	7.017612722996464e-05	58.75599129387064	1.410e+52	2.3949733699846814	9.992887007787895e-05	5.063e+51
6.023e+01	4.094e-01	1.407e+52	60.56653675619458	181/LOGS/profile54	29.31034423758288	1.635e-02	54.25660886936986	0.6698693656631118	62.91665376539685	2.169e+52	2.72421808277121	0.00023016485375288047	60.65367790356488	1.445e+52	2.4823978788200027	0.00023016485375288047	5.230e+51
6.214e+01	4.136e-01	1.459e+52	62.37918107743904	182/LOGS/profile18	61.92995135463481	6.196e-03	55.913220425865994	0.9641539546595518	64.93834166230518	2.271e+52	2.7051439703842517	6.722633113595745e-05	62.46335605994653	1.495e+52	2.4403305474723083	9.521672747652671e-05	2.916e+51
6.406e+01	3.946e-01	1.487e+52	64.29790922044904	183/LOGS/profile41	36.77696294333574	1.146e-02	57.920139717562854	0.7118755834048668	66.93035391966	2.351e+52	2.8169531317479968	6.772188235134711e-05	64.38468087450777	1.525e+52	2.5646465583465496	9.003262670480522e-05	2.985e+51
6.594e+01	3.837e-01	1.526e+52	66.16010791747937	184/LOGS/profile39	37.094413322740735	1.033e-02	55.70101909033379	0.7314522324127235	68.9192340568254	2.432e+52	2.8527998863362183	6.358927762688131e-05	66.25172346399364	1.566e+52	2.604093820482791	8.697932282084252e-05	2.677e+51
6.780e+01	3.719e-01	1.560e+52	68.01793522061863	185/LOGS/profile35	35.76620468719612	9.862e-03	57.3520386720545	0.7526833141363994	70.92405877917817	2.526e+52	2.9049436652408174	6.215385639486657e-05	68.11096130824542	1.602e+52	2.6459304089732623	8.568698425441402e-05	2.521e+51
6.968e+01	3.638e-01	1.603e+52	69.87350950218274	186/LOGS/profile37	40.776137976343065	8.797e-03	57.328820448213904	0.7800844575610905	72.92459223903	2.612e+52	2.937377582732216	6.07700473041557e-05	69.97481518373726	1.647e+52	2.684805551983619	8.267266932211601e-05	2.190e+51
7.154e+01	3.557e-01	1.659e+52	71.68710539786602	187/LOGS/profile78	145.8797783539649	2.289e-03	64.77632238562826	1.3071330225207078	74.92019481258208	2.710e+52	2.929653580995059	6.0153049574703634e-05	71.79100117068266	1.705e+52	2.6678787640455908	8.208031251145282e-05	1.253e+51
7.342e+01	3.451e-01	1.667e+52	73.58027300256276	188/LOGS/profile42	78.71289005413082	7.293e-03	58.096658610852316	0.8212183020530243	76.910328334668	2.795e+52	3.0443062447039075	6.050386427867944e-05	73.68749842854643	1.715e+52	2.7767690539769276	7.735804001127577e-05	1.369e+51
7.529e+01	3.296e-01	1.707e+52	75.4448898549065	189/LOGS/profile52	97.26684360308653	7.070e-03	55.21129630980673	0.8364043215648327	78.90902622991216	2.879e+52	3.083161836090572	0.00010226591170891184	75.55196639893286	1.755e+52	2.8227221867462204	0.00010226591170891184	1.356e+51
4.107e+00	3.076e-01	4.691e+50	4.948798450468528	190/LOGS/profile13	97.32902323137091	8.890e-03	3.0265480841759422	1.5970341610408123	4.999590949339622	7.029e+50	2.0345880993652967	0.00046025258689082475	4.98705978267652	6.872e+50	2.0345880993652967	0.000668145256157492	1.721e+51
5.912e+00	3.470e-01	7.323e+50	6.90066299954438	191/LOGS/profile39	74.99384076116368	1.233e-02	4.520053828003625	1.2729374108131692	6.998876978716326	1.187e+51	1.3648107941209233	0.00044258309304912063	6.972090083958589	1.148e+51	1.3648107941209233	0.00044258309304912063	3.080e+51
7.776e+00	4.202e-01	1.045e+51	8.842544132260304	192/LOGS/profile80	48.8145773991925	1.988e-02	6.558418783689255	0.9177492390356828	8.998209073830088	1.741e+51	1.1941026675006103	0.0003119863356734309	8.945511526654176	1.650e+51	1.1941026675006103	0.00048270075379058846	6.320e+51
9.492e+00	4.687e-01	1.567e+51	10.810596660864613	193/LOGS/profile81	44.308332987041936	2.859e-02	8.177073992780116	0.8932108759363169	10.996724260689984	2.366e+51	1.0240803821137505	0.00027539013859533847	10.915476415171668	2.210e+51	0.9893009273875285	0.0004427948440493403	1.124e+52
1.103e+01	5.605e-01	2.385e+51	12.805591974826598	194/LOGS/profile95	30.769472955962723	5.334e-02	9.994516968266845	0.7320350515804618	12.99676280690072	3.023e+51	1.1235650848622858	0.0002464902575818105	12.881239459804346	2.784e+51	1.015919183323591	0.0003847251410193743	3.033e+52
1.295e+01	4.833e-01	2.814e+51	14.756324637271288	195/LOGS/profile78	47.987369686814326	4.032e-02	10.972860545188155	0.9941572725715015	14.99582629710572	3.713e+51	1.217086288592092	0.0002237753603729874	14.841832446895035	3.374e+51	1.1170928517343952	0.00035440442327319704	1.850e+52
1.435e+01	5.725e-01	3.747e+51	16.73170375774996	196/LOGS/profile41	28.081005837744765	6.932e-02	13.273523108984582	0.6945051105329962	16.994011794184186	4.457e+51	1.3031131451008253	0.0003441174217359753	16.78883200639226	3.976e+51	1.1756861111420684	0.0003441174217359753	6.236e+52
1.609e+01	5.673e-01	4.321e+51	18.663500463746054	197/LOGS/profile21	26.71600447269823	6.015e-02	14.974054999117156	0.6667998838616856	18.99275178119434	5.238e+51	1.3858656184852138	0.00019197861561897703	18.73976431315829	4.613e+51	1.252369141056782	0.0003030801287165824	8.227e+52
1.777e+01	5.451e-01	5.000e+51	20.60819336029847	198/LOGS/profile98	26.730245250270656	5.467e-02	16.842952875422302	0.6933401936537439	20.990996651967105	6.086e+51	1.4674030579807131	0.00018139248694923536	20.6639156219997	5.227e+51	1.3150952139047567	0.00029210816418400804	1.056e+53
1.957e+01	5.292e-01	5.636e+51	22.540315998965816	199/LOGS/profile89	27.37757396957308	5.674e-02	19.001865329917297	0.6425374673124268	22.99036521481855	6.945e+51	1.5376259130292385	0.00017119354251601493	22.5960060203137	5.867e+51	1.3796800516779295	0.00027548787175611184	1.248e+53
2.160e+01	5.416e-01	6.304e+51	24.469173265317984	200/LOGS/profile86	29.553283710968614	5.272e-02	21.036154039257152	0.6791404616488607	24.98879674185762	7.864e+51	1.610792467777987	0.00016300185031774934	24.52718734593544	6.547e+51	1.4475770397822112	0.00026422493209351264	1.238e+53
2.377e+01	5.711e-01	6.945e+51	26.394303198325048	201/LOGS/profile81	32.75992564153233	5.099e-02	23.021029696347572	0.6795100507847615	26.985925428599053	8.770e+51	1.6813903980461433	0.00015525932264681642	26.44802434667746	7.180e+51	1.503717350521173	0.0002531644447675473	1.149e+53
2.602e+01	5.973e-01	7.490e+51	28.309053882769856	202/LOGS/profile88	37.193085894279626	4.381e-02	24.815775225127396	0.7074582221210628	28.985372680260703	9.613e+51	1.7557404918231696	0.00014689946250883893	28.37489487383666	7.767e+51	1.5696676313076625	0.00023391088932617313	9.897e+52
2.802e+01	5.982e-01	8.210e+51	30.23364741088621	203/LOGS/profile80	40.014571226580465	4.171e-02	26.61362488669479	0.7418150614488666	30.982607378443998	1.063e+52	1.8185394122715903	0.00014171196804230797	30.285962723378724	8.449e+51	1.6186279126072263	0.00023117403932512574	9.281e+52
3.008e+01	6.077e-01	8.886e+51	32.162328344926685	204/LOGS/profile90	42.65692049497332	2.934e-02	28.394207897294088	0.9070285066074394	32.98078558894927	1.151e+52	1.8578137229421863	0.00013502004517380327	32.19722794962754	9.054e+51	1.6643321370018216	0.0002135392787663456	8.630e+52
3.215e+01	6.051e-01	9.484e+51	34.07434948188464	205/LOGS/profile17	46.29498743174335	3.022e-02	30.10710100903811	0.867048520661523	34.97840606665044	1.245e+52	1.925732292937131	0.0001294359011073101	34.11267913246661	9.669e+51	1.7276641424804393	0.00020286341626810631	7.579e+52
3.419e+01	5.968e-01	1.007e+52	35.985015268576724	206/LOGS/profile97	50.43191314752319	2.945e-02	31.780342741506537	0.873314409759719	36.97659718263928	1.341e+52	1.9987038305884361	0.00012447792888307891	36.028714669042294	1.029e+52	1.7987122007268974	0.0001956085594336911	6.541e+52
3.627e+01	6.059e-01	1.067e+52	37.87210477748322	207/LOGS/profile92	50.64895526709676	2.258e-02	33.381874394167106	0.9474187865413373	38.97471630295581	1.439e+52	2.0376099826664587	0.00011995012283090186	37.91369820293461	1.087e+52	1.814895505757069	0.00019093063798120732	5.916e+52
3.827e+01	5.973e-01	1.131e+52	39.77549681729044	208/LOGS/profile98	56.27788741922827	2.334e-02	35.46634577652081	0.9331091315720039	40.97073004115065	1.545e+52	2.101949343401409	0.00011637154044146736	39.821295027404396	1.154e+52	1.8827559998275676	0.00018159422961935018	5.150e+52
4.029e+01	5.910e-01	1.191e+52	41.67558778778623	209/LOGS/profile89	60.316119445278524	1.798e-02	36.87180302709223	1.0667401097536457	42.96892699583537	1.644e+52	2.15574406195595	0.0001123463795747285	41.72573911044454	1.216e+52	1.9412520108247608	0.0001712626922222353	4.430e+52
4.230e+01	5.725e-01	1.227e+52	43.54856326902281	210/LOGS/profile93	65.58622354860255	1.952e-02	39.0660846619521	0.9837835077958127	44.964516322689526	1.743e+52	2.2511893938766656	0.00010867874945477459	43.631833799106424	1.267e+52	2.0167785565938092	0.00016461012655982982	3.531e+52
4.432e+01	5.778e-01	1.304e+52	45.44134792674238	211/LOGS/profile2	65.28784222776866	1.770e-02	40.30081472735983	0.9731607969642583	46.96411990087314	1.851e+52	2.258789124697286	0.0001055813279715763	45.49594703489358	1.331e+52	2.0178543914799807	0.00016004119459582574	3.308e+52
4.630e+01	5.668e-01	1.358e+52	47.32209600742899	212/LOGS/profile84	66.60057048717813	1.361e-02	43.12720377452319	1.097115941853285	48.959980078323184	1.954e+52	2.3112337504198757	0.00010244265243685868	47.3793683111601	1.388e+52	2.0612284884906877	0.00015449483699505985	2.817e+52
4.827e+01	5.536e-01	1.412e+52	49.216052917714606	213/LOGS/profile99	71.58848533884054	1.651e-02	44.09659446947026	0.969434146498916	50.95719051438177	2.052e+52	2.366234505151872	9.921160838821903e-05	49.278545538832816	1.444e+52	2.1276002082695555	0.00014768132445438422	2.425e+52
5.024e+01	5.436e-01	1.464e+52	51.08497044311175	214/LOGS/profile2	76.12880900298045	1.348e-02	45.65926476637858	1.0582937996149016	52.955660582728456	2.154e+52	2.4114518545608923	9.633516707117851e-05	51.14933750358729	1.497e+52	2.155800965704756	0.00014296123537561832	2.041e+52
5.219e+01	5.346e-01	1.525e+52	52.95858602266765	215/LOGS/profile3	80.86563831397538	1.152e-02	47.84467456214516	1.128820725378233	54.95168907779368	2.274e+52	2.4632312208731904	9.437161114252872e-05	53.02767216809047	1.561e+52	2.2063487897498923	0.00014038505145145416	1.798e+52
5.412e+01	5.119e-01	1.567e+52	54.87371796923563	216/LOGS/profile62	81.83880547949757	1.094e-02	49.769827985236454	1.203048717707832	56.95083540943524	2.373e+52	2.561297455990801	9.155413240037358e-05	54.94590241851082	1.606e+52	2.3142266389146795	0.0001329854961487595	1.568e+52
5.605e+01	4.976e-01	1.613e+52	56.749980760419376	217/LOGS/profile64	93.31821847043986	9.267e-03	51.42774521159649	1.3108882314102572	58.945655001065944	2.477e+52	2.621537629083447	8.915607894648245e-05	56.83255539997438	1.658e+52	2.3778156606772844	0.00012683085203800957	1.331e+52
5.798e+01	4.880e-01	1.668e+52	58.62209432229101	218/LOGS/profile85	94.04781258511824	1.048e-02	53.063819794761294	1.1762579159122795	60.93617091270579	2.584e+52	2.6628882707397596	8.701273638605142e-05	58.7039650368106	1.713e+52	2.422943109244945	0.00012164838219303578	1.172e+52
5.992e+01	4.855e-01	1.726e+52	60.45427535603985	219/LOGS/profile89	99.09480843189432	9.084e-03	54.431102125177155	1.1695978218831955	62.928358100448904	2.691e+52	2.6666861167205984	8.49801222872726e-05	60.54093880047081	1.772e+52	2.4129443146089793	0.00012078619250522664	9.682e+51
6.183e+01	4.693e-01	1.770e+52	62.34482096298065	220/LOGS/profile71	100.47978479882214	9.548e-03	56.61022704553674	1.1339512260918565	64.93634037470864	2.812e+52	2.7501246671265043	8.308524703225566e-05	62.4383701002184	1.821e+52	2.507977500445946	0.00011406643365592317	8.618e+51
6.376e+01	4.630e-01	1.809e+52	64.21327294272895	221/LOGS/profile44	32.06390029876219	2.386e-02	58.234558222893774	0.7131116054232861	66.92984322519307	2.912e+52	2.815387989222543	9.261032013474827e-05	64.30578199576853	1.861e+52	2.556511835748852	0.00011219024448071204	8.467e+51
6.564e+01	4.443e-01	1.851e+52	66.06479056298296	222/LOGS/profile73	111.09991027303606	5.788e-03	60.209526647778254	1.4315510773638918	68.91544093000259	3.012e+52	2.8559643327762174	7.919399069708994e-05	66.15889905168133	1.903e+52	2.5880080523480973	0.00010751913393959959	6.134e+51
6.754e+01	4.385e-01	1.911e+52	67.91125265689274	223/LOGS/profile75	109.68472190188317	6.994e-03	61.40344565258174	1.2156939353380696	70.92553140390389	3.129e+52	2.871296456972503	7.75651756030287e-05	68.01233936781017	1.967e+52	2.611263857589499	0.00010568910972711522	5.361e+51
6.943e+01	4.249e-01	1.948e+52	69.7822889599437	224/LOGS/profile81	122.26805427462135	6.037e-03	63.65477642344406	1.305965768007301	72.9259799671437	3.237e+52	2.934175405163775	7.584349728184333e-05	69.88435433184944	2.005e+52	2.676934791365855	0.00010108588114136597	4.626e+51
7.129e+01	4.202e-01	1.993e+52	71.64155474388986	225/LOGS/profile9	82.60354109739474	7.713e-03	65.02171948843825	1.1969964122963543	74.90344102597965	3.351e+52	2.9923585963277146	0.0006412612976756966	71.7525570415212	2.056e+52	2.7401344060736523	0.0006412612976756966	4.640e+51
7.319e+01	4.034e-01	2.029e+52	73.49024967494674	226/LOGS/profile85	131.91999139805398	5.347e-03	67.24845041013388	1.3155184492307777	76.90964992082672	3.462e+52	3.0466989620872864	7.293861351446864e-05	73.6053696825803	2.093e+52	2.7835681515923585	9.435088613893448e-05	3.440e+51
7.507e+01	3.954e-01	2.074e+52	75.33103005792009	227/LOGS/profile88	134.6498902495218	4.410e-03	68.24356953872521	1.3977355252234451	78.86807285290126	3.551e+52	3.0740483152606695	7.111956026403193e-05	75.45027578614543	2.140e+52	2.811229438033297	9.125907816860753e-05	2.867e+51
3.972e+00	3.033e-01	5.394e+50	4.941139402474104	228/LOGS/profile50	106.99072193616036	1.074e-02	2.871114879496126	1.7393290586848928	4.999575312558643	8.357e+50	1.896404350456787	0.0005472713027398618	4.98731346491947	8.174e+50	1.896404350456787	0.0010768729562448602	1.840e+51
5.965e+00	3.721e-01	6.660e+50	6.848904469940441	229/LOGS/profile11	60.653137075655835	1.124e-02	4.697202295662731	1.0947412001287926	6.998870083082587	1.413e+51	1.1986233319558772	0.00043732476948295734	6.96348787192909	1.346e+51	1.1986233319558772	0.0007480097895034926	3.422e+51
7.726e+00	3.985e-01	1.034e+51	8.797551805899253	230/LOGS/profile85	56.03423866809337	2.023e-02	6.380709252930832	0.9236413179923407	8.998199166406122	2.073e+51	1.1304641515902252	0.0003712225531149058	8.945330137325321	1.964e+51	1.1304641515902252	0.0005691049338330695	5.449e+51
9.435e+00	4.724e-01	1.560e+51	10.749701062249226	231/LOGS/profile81	42.90437987135954	3.423e-02	8.137998657769378	0.7876026735910812	10.996697421144047	2.818e+51	1.0229222454581135	0.00032784139349239247	10.919154247866716	2.642e+51	0.9628467581535003	0.000499645617748234	1.154e+52
1.107e+01	5.170e-01	2.260e+51	12.72261477121386	232/LOGS/profile17	37.780460439217066	4.863e-02	9.702466210882275	0.7789341166409439	12.996749775185378	3.602e+51	1.1251557406567254	0.0002935581949362842	12.8783022585365	3.309e+51	1.017608127418576	0.00046341074629413915	2.046e+52
1.262e+01	5.603e-01	3.154e+51	14.708606229897663	233/LOGS/profile23	31.251559316384046	7.029e-02	11.497911554267096	0.732920648835832	14.995809501623008	4.426e+51	1.2203548859319966	0.0002665841604511264	14.824645872546967	3.967e+51	1.0974277293987396	0.0004266620254784952	3.848e+52
1.385e+01	5.387e-01	4.015e+51	16.673315166174945	234/LOGS/profile5	23.6922942200994	9.337e-02	13.231107257852782	0.6237459678478933	16.993951070075312	5.314e+51	1.3058702988661848	0.0002458969522372309	16.776776290242985	4.701e+51	1.1824862336930393	0.0003967296293236452	8.066e+52
1.593e+01	5.697e-01	4.799e+51	18.63110137267544	235/LOGS/profile79	30.34120125191897	7.288e-02	14.609364641784506	0.8131573641620684	18.993251522747183	6.247e+51	1.3912048037513143	0.00022894363607080758	18.726804077022575	5.456e+51	1.2601447077486516	0.0003601571679818756	7.039e+52
1.680e+01	4.499e-01	5.490e+51	20.54304485512555	236/LOGS/profile91	22.611569612990387	9.812e-02	16.888588074331953	0.5839538060187472	20.99038773472307	7.257e+51	1.4697859775924196	0.00021634364168620826	20.65591137708572	6.201e+51	1.3167519247889226	0.0003511649170678043	1.389e+53
1.318e+01	1.224e-01	6.313e+51	22.48873542064813	237/LOGS/profile84	8.134816016310063	1.670e-01	19.004663103727136	0.6818993974652708	22.989409608288177	8.281e+51	1.5427391926443803	0.00020414232209577902	22.587978547714535	6.967e+51	1.3892809573365905	0.0003293590165235596	3.614e+52
1.468e+01	1.224e-01	7.112e+51	24.420082305826693	238/LOGS/profile88	8.739445654791258	1.919e-01	21.2379684429134	0.6474138947722373	24.98709786278582	9.376e+51	1.604649725524061	0.00019459365347021873	24.505442027827147	7.738e+51	1.4379859769116121	0.0003136954501536339	3.929e+52
1.621e+01	1.224e-01	7.841e+51	26.33763091915041	239/LOGS/profile94	9.096136569012316	1.909e-01	23.06644887823769	0.6689372523601427	26.986172110462054	1.046e+52	1.6841614809591825	0.0001851905651310392	26.433927702940263	8.511e+51	1.5111916221574373	0.0002987502710404896	4.146e+52
2.474e+01	5.240e-01	8.642e+51	28.281564722960805	240/LOGS/profile87	30.83076005863123	7.714e-02	24.57858472006595	0.7119815984213828	28.984989547908558	1.147e+52	1.7506483690957328	0.00017522269739385506	28.348500104221234	9.171e+51	1.5651285351635722	0.0002821472983328901	1.572e+53
1.866e+01	1.224e-01	9.408e+51	30.18149485840938	241/LOGS/profile99	9.989051931117269	1.646e-01	26.600915500806927	0.8156970776983667	30.982686852248484	1.269e+52	1.8167259577360102	0.0001690408427977724	30.266170687289645	1.001e+52	1.627452317564819	0.00026630792489179084	4.530e+52
2.047e+01	1.224e-01	1.021e+52	32.111262252372626	242/LOGS/profile83	10.395488128059293	1.821e-01	28.23067272886812	0.7660238250600344	32.98081955283427	1.374e+52	1.8620857584820414	0.00016107501314450325	32.176048200157105	1.071e+52	1.676032112325993	0.00025202675983425886	4.810e+52
3.124e+01	5.955e-01	1.085e+52	34.01219029890031	243/LOGS/profile84	39.45338830064935	5.840e-02	30.192179745746127	0.7857557145179696	34.97788439575706	1.486e+52	1.941066708517449	0.00015445349199920386	34.09344276931032	1.143e+52	1.7510665255098439	0.00024023858320443715	1.285e+53
3.329e+01	5.987e-01	1.164e+52	35.93352771984665	244/LOGS/profile94	42.87148342894611	5.553e-02	31.662856765532517	0.8116230139561595	36.97555925099763	1.600e+52	2.0063907706142112	0.00014854378433407767	36.00042739973985	1.215e+52	1.8051944437923748	0.00022816551203718688	1.175e+53
3.537e+01	6.064e-01	1.236e+52	37.82929114444501	245/LOGS/profile85	45.39704821253433	4.777e-02	33.67917801341687	0.86674858266194	38.97246128234517	1.717e+52	2.056767281143002	0.00014315435292743358	37.89515619104061	1.284e+52	1.848897389054742	0.00021928816956469607	1.081e+53
3.741e+01	6.150e-01	1.313e+52	39.71881851252713	246/LOGS/profile15	47.74669967044034	3.757e-02	35.41986389014604	0.9785710711373574	40.97013981715634	1.844e+52	2.103021656784418	0.00013889121427976785	39.78344419216671	1.361e+52	1.883393285227161	0.00021701668828134576	1.004e+53
3.949e+01	6.158e-01	1.378e+52	41.60631164171251	247/LOGS/profile80	50.73234004310489	3.274e-02	37.49461994641369	1.031155946102722	42.969488626319055	1.962e+52	2.1601058999590377	0.0001340824998815103	41.67401131991356	1.428e+52	1.9288172428259072	0.00020631195215452475	8.799e+52
4.157e+01	6.167e-01	1.446e+52	43.49161018970747	248/LOGS/profile86	51.65714066998767	3.621e-02	38.8820421213199	0.9180418057239599	44.96417421536714	2.081e+52	2.20790951752205	0.0001297218655795236	43.56150793347815	1.496e+52	1.9709969293543468	0.00019632815466205918	7.895e+52
4.358e+01	6.125e-01	1.517e+52	45.37655068868927	249/LOGS/profile80	53.63491474103083	2.806e-02	40.76109818393691	1.0310008289644481	46.96454619636972	2.210e+52	2.264755947269658	0.00012602374363173305	45.44800636819742	1.568e+52	2.018510353248063	0.00018895266619049504	7.070e+52
4.555e+01	5.928e-01	1.580e+52	47.28785576885399	250/LOGS/profile68	62.040845404392975	2.395e-02	42.39910547549259	1.1760437670593433	48.95689783824575	2.332e+52	2.3558730085530817	0.0001222693685315694	47.36169908314783	1.633e+52	2.119698725205849	0.00018112895083488648	5.891e+52
4.765e+01	5.997e-01	1.643e+52	49.142185998280624	251/LOGS/profile73	60.651499912573136	2.941e-02	43.94299224814511	0.952492696144151	50.95814847441957	2.451e+52	2.36905691064573	0.00011843975994143812	49.21939367934291	1.697e+52	2.1206392131213696	0.00017666249159304298	5.244e+52
4.964e+01	5.925e-01	1.708e+52	51.01431010151994	252/LOGS/profile4	64.01524159792886	2.663e-02	45.80347818798764	0.9859747736523972	52.955771482473104	2.573e+52	2.4145624591330894	0.0001150123101841134	51.09438506832837	1.764e+52	2.158184691533319	0.0001683641112320345	4.537e+52
5.155e+01	5.724e-01	1.776e+52	52.92519490297404	253/LOGS/profile66	72.36658271168615	1.984e-02	47.830869020281504	1.2467872992784712	54.949039861030286	2.715e+52	2.513819262735624	0.00011266980471477041	53.004957764905974	1.832e+52	2.267001006864775	0.00016325511551997248	3.963e+52
5.355e+01	5.615e-01	1.831e+52	54.80246056982089	254/LOGS/profile62	73.32732752839031	1.711e-02	49.59225078146151	1.3156630944389809	56.94608327187515	2.832e+52	2.564864417178891	0.00010931180367726632	54.887696751127606	1.890e+52	2.3244904413247376	0.00015672062863582921	3.417e+52
5.552e+01	5.528e-01	1.892e+52	56.67588843133874	255/LOGS/profile84	77.22070845885669	2.013e-02	51.308945416025	1.1558448378244583	58.944098412473906	2.958e+52	2.615574634360714	0.00010644427286391946	56.764567521820176	1.953e+52	2.3744378129726793	0.0001486545859487438	2.984e+52
5.749e+01	5.424e-01	1.940e+52	58.521094870430964	256/LOGS/profile80	79.29192172463561	1.976e-02	53.520669729125174	1.120171354328404	60.927477261794394	3.083e+52	2.6680075615144387	0.00010384621582087107	58.61287343381507	2.004e+52	2.401538559945935	0.00014606045175454907	2.520e+52
5.944e+01	5.339e-01	2.007e+52	60.40169234730857	257/LOGS/profile76	85.42597569157516	1.772e-02	54.9636681472863	1.1627714950347103	62.919141597749025	3.211e+52	2.714874072971202	0.00010145208657198789	60.49945052240368	2.074e+52	2.466282143006051	0.00014006993547483883	2.250e+52
6.137e+01	5.238e-01	2.069e+52	62.262653895784595	258/LOGS/profile77	86.11055514563985	1.637e-02	56.41586800840993	1.2075337288395203	64.93589550608796	3.359e+52	2.761042317279282	9.936875717898008e-05	62.36231736663449	2.138e+52	2.5095178291771285	0.0001351367974668087	1.973e+52
6.331e+01	5.127e-01	2.116e+52	64.11341465656037	259/LOGS/profile77	90.65927865150655	1.409e-02	58.46413069289404	1.2587477340335194	66.93488012515506	3.481e+52	2.8109131358780006	9.693199537891109e-05	64.21241104771066	2.184e+52	2.5410286326234948	0.00013129638040608924	1.684e+52
6.525e+01	5.062e-01	2.174e+52	65.95417590046497	260/LOGS/profile80	93.05688117138388	1.458e-02	59.41487064059597	1.1571635113942784	68.91461746708862	3.598e+52	2.8244099356684194	9.457679468477435e-05	66.06156233367216	2.247e+52	2.5620661694853117	0.00012910499839484906	1.439e+52
6.716e+01	4.921e-01	2.228e+52	67.83551919210352	261/LOGS/profile92	101.3182337672318	1.285e-02	61.957905558680636	1.2547852743116163	70.92941957260886	3.740e+52	2.900009770453806	9.264627078902366e-05	67.94600392579167	2.303e+52	2.644853054403	0.00012251207058679552	1.286e+52
6.906e+01	4.895e-01	2.297e+52	69.6456439941004	262/LOGS/profile90	102.50437641370316	9.943e-03	62.548518169256994	1.3720168834098676	72.92548274867318	3.867e+52	2.889481910433048	9.058797330415677e-05	69.76109577458476	2.376e+52	2.623562922971037	0.00012341671899058734	1.096e+52
7.096e+01	4.713e-01	2.329e+52	71.52905777244523	263/LOGS/profile77	106.32720491857002	1.065e-02	64.54496567590743	1.325903372230728	74.90252821676562	4.003e+52	2.990955053781257	8.897691639760883e-05	71.64774684312152	2.410e+52	2.7276182576496564	0.0001147537454799317	9.556e+51
7.286e+01	4.597e-01	2.377e+52	73.38664745534444	264/LOGS/profile74	105.87804615497974	1.110e-02	67.26197310539794	1.2762752377657032	76.90891960372163	4.136e+52	3.0423519488712505	8.71141964557913e-05	73.5140210856249	2.464e+52	2.7879829773897473	0.00011135520134835404	8.383e+51
7.474e+01	4.586e-01	2.456e+52	75.18940498043435	265/LOGS/profile64	110.32426189272518	6.810e-03	67.79586921923226	1.5358377516903627	78.90911611067806	4.261e+52	3.0240363355015942	8.521471490888757e-05	75.32177290155118	2.545e+52	2.757608759969314	0.0001122740008185685	7.234e+51
4.065e+00	3.072e-01	4.666e+50	4.902359050520388	266/LOGS/profile13	96.93656769546176	9.083e-03	3.009391404528601	1.6123815744033538	4.999574056619519	9.680e+50	2.03693218384307	0.0006332191199253501	4.987134569889202	9.463e+50	2.03693218384307	0.0009019490819401113	1.674e+51
5.869e+00	3.524e-01	7.008e+50	6.8243102000107605	267/LOGS/profile8	71.56149147568249	1.260e-02	4.579784347737573	1.2169603921274659	6.9988627660471225	1.639e+51	1.4533090346414033	0.0005065752287884263	6.970708443267065	1.579e+51	1.4533090346414033	0.0007417703488070299	3.125e+51
7.700e+00	4.113e-01	1.019e+51	8.746018481713545	268/LOGS/profile72	51.775124412501235	1.898e-02	6.421721814760644	0.9436254136258125	8.998188683593156	2.406e+51	1.1293628038375165	0.00043033013619749055	8.940949118163575	2.266e+51	1.1293628038375165	0.0006566945679300124	5.739e+51
9.398e+00	4.337e-01	1.502e+51	10.690786237762259	269/LOGS/profile74	52.70589655313538	2.325e-02	7.853345639498662	1.0333829407593966	10.996896019479085	3.272e+51	1.1033471405534343	0.0003801427112508637	10.91426087962066	3.050e+51	1.1033471405534343	0.0005878971706617495	8.695e+51
1.107e+01	4.914e-01	2.154e+51	12.643073023573447	270/LOGS/profile19	41.90860235863661	4.587e-02	9.594330828075167	0.7817042576139175	12.99529974953898	4.180e+51	1.1300716802806705	0.00034056876392795575	12.874045018314742	3.827e+51	1.0275588521883132	0.0005414607441772703	1.650e+52
1.227e+01	5.784e-01	3.303e+51	14.639283967959447	271/LOGS/profile95	24.283423832673922	7.910e-02	11.569563776632805	0.6814443479230433	14.99393185076298	5.137e+51	1.226276734351735	0.00030934754916783595	14.828749940630374	4.622e+51	1.113464183595274	0.0004894590717753071	5.735e+52
1.331e+01	4.810e-01	4.103e+51	16.584996611395507	272/LOGS/profile26	20.80394479318101	9.594e-02	13.483949254096705	0.6312161045409876	16.994336443134046	6.176e+51	1.313684873920412	0.0002850297012819358	16.780531404535726	5.472e+51	1.1972766385565057	0.00044140713978815495	9.924e+52
1.443e+01	3.893e-01	4.948e+51	18.5331437738882	273/LOGS/profile39	19.426645074846103	1.064e-01	15.368256627658207	0.6162187710834722	18.993143470478522	7.260e+51	1.3931112723266414	0.00034782909739504864	18.705428534006387	6.253e+51	1.2562519673358974	0.00043251435885065037	1.312e+53
1.672e+01	4.815e-01	5.793e+51	20.47968819186429	274/LOGS/profile9	23.58010271675032	1.021e-01	16.420257712668445	0.6748020840794098	20.990746843450545	8.437e+51	1.465266821990067	0.0002512819345079351	20.632342662859745	7.120e+51	1.3148324192224585	0.0004045418876262812	1.271e+53
1.293e+01	1.224e-01	6.650e+51	22.405319155288637	275/LOGS/profile82	8.131735694171931	1.979e-01	18.56890384336467	0.682899187507778	22.98968826523345	9.630e+51	1.545014694281941	0.00023720997123892202	22.56265213295627	7.987e+51	1.3857241753888558	0.0003797730318794135	3.653e+52
1.403e+01	1.224e-01	7.540e+51	24.341558137394784	276/LOGS/profile77	8.559603060570161	2.010e-01	19.751016906052577	0.7333480878313058	24.987665939950862	1.091e+52	1.616715145091281	0.0002261385363853294	24.495749695317173	8.942e+51	1.459697239014921	0.00036365965719671486	3.833e+52
1.580e+01	1.224e-01	8.361e+51	26.244417002639203	277/LOGS/profile81	9.130844087685698	1.992e-01	23.08444720015755	0.7410146693948173	26.98618781894207	1.217e+52	1.688855143409588	0.00021518634095596542	26.381566506577943	9.645e+51	1.4690933479405357	0.00035682604447719035	4.126e+52
1.727e+01	1.224e-01	9.197e+51	28.170665604043695	278/LOGS/profile98	9.538101362988003	2.081e-01	24.81369428034773	0.7399099588761184	28.98315063058373	1.334e+52	1.7560574027280733	0.0002037102736993996	28.33465895668987	1.060e+52	1.5846448554161106	0.0003208834374976279	4.366e+52
1.855e+01	1.224e-01	1.014e+52	30.088778759655533	279/LOGS/profile91	9.926497632639984	2.091e-01	26.52778139332095	0.7797904900265613	30.983034040397335	1.476e+52	1.8179812616458182	0.00019652471138276477	30.24638132049877	1.156e+52	1.642458541224283	0.0003073538059935789	4.571e+52
2.017e+01	1.224e-01	1.103e+52	32.01241729610324	280/LOGS/profile83	10.348000694098621	2.271e-01	28.155049871231817	0.7521699290473646	32.97976421252932	1.598e+52	1.8671619058436288	0.00018731022632074767	32.14713585880329	1.232e+52	1.678594695877912	0.00029556034348683446	4.843e+52
2.151e+01	1.224e-01	1.181e+52	33.91534087881271	281/LOGS/profile93	10.655038816478157	2.165e-01	30.209791824732232	0.793526744416836	34.978184302321424	1.729e+52	1.943365731035934	0.0001796187473917404	34.06116880871838	1.314e+52	1.750150224583656	0.00027640641084071234	5.066e+52
2.293e+01	1.224e-01	1.263e+52	35.821474382517316	282/LOGS/profile83	11.029305272851188	2.161e-01	31.89225438906143	0.8114828195839451	36.97435054055327	1.862e+52	2.0083387004689524	0.00017275624648210565	35.965484801071455	1.396e+52	1.8104437120979369	0.0002652890438692081	5.297e+52
2.416e+01	1.224e-01	1.349e+52	37.728173098436265	283/LOGS/profile94	11.368698825196558	2.011e-01	33.7718603936831	0.8831214097035466	38.97177068380283	1.998e+52	2.062998912887926	0.0001664915957881024	37.86142078128704	1.478e+52	1.8585318357742202	0.0002514130059342798	5.499e+52
2.524e+01	1.224e-01	1.441e+52	39.624070516809134	284/LOGS/profile72	11.709015172294446	1.837e-01	35.50690808958785	0.9763091710038293	40.96819322787758	2.146e+52	2.117516876729448	0.00016156748590721404	39.7485727704098	1.564e+52	1.8979352302693624	0.0002493795824120164	5.670e+52
2.724e+01	1.224e-01	1.518e+52	41.5144780718418	285/LOGS/profile80	12.036253617528107	2.112e-01	37.36131887249627	0.8743222885929142	42.96205381475239	2.281e+52	2.1743522710838383	0.000155964080091147	41.64280289262682	1.642e+52	1.9543126361198384	0.00023468106489781546	6.009e+52
2.870e+01	1.224e-01	1.596e+52	43.399702132562716	286/LOGS/profile84	12.33940153541564	1.993e-01	39.01552070417241	0.9238358981767473	44.96201396690669	2.422e+52	2.225112220802716	0.00015091666816960893	43.52744519185403	1.719e+52	1.9975814750366718	0.00022390385374151042	6.210e+52
4.284e+01	6.218e-01	1.673e+52	45.27165562222711	287/LOGS/profile89	49.8071159726855	4.775e-02	40.45303417325325	0.9392781221114296	46.961449187325655	2.571e+52	2.2714175686208113	0.00014662808317901678	45.4039361131389	1.800e+52	2.034170326969125	0.0002173775013670494	1.129e+53
4.491e+01	6.250e-01	1.750e+52	47.14845627423128	288/LOGS/profile92	52.22442355073589	4.471e-02	42.171748188692725	0.9470812245411516	48.95688067910611	2.714e+52	2.322067941853498	0.0001422976581838556	47.281459182661315	1.877e+52	2.075984279435208	0.00021140812948378432	1.010e+53
4.697e+01	6.243e-01	1.827e+52	49.029874538762385	289/LOGS/profile70	53.53001917738709	4.358e-02	43.589519367583044	0.9285758150860696	50.95530161040927	2.852e+52	2.367017120515293	0.00013780167569812574	49.15660397990243	1.947e+52	2.1127191664016562	0.00020506384839051226	9.057e+52
4.894e+01	6.006e-01	1.892e+52	50.94445628898738	290/LOGS/profile73	61.789875750917886	4.104e-02	46.020231086398496	1.0214145796187513	52.94627138344699	2.991e+52	2.4714375205364445	0.0001338238566256519	51.0786062889051	2.019e+52	2.2368023417472562	0.00019150021946960085	7.457e+52
5.097e+01	6.083e-01	1.975e+52	52.791128505682344	291/LOGS/profile76	62.105795779669705	3.672e-02	47.775149639742175	1.0167810014963141	54.94604466773738	3.160e+52	2.4966168369317616	0.00013106648334401338	52.92055513113532	2.099e+52	2.238276150412352	0.00018690316495858632	6.941e+52
5.293e+01	5.884e-01	2.036e+52	54.68501734424449	292/LOGS/profile85	68.10603475729187	3.678e-02	49.51806000925439	1.0405104070993543	56.94353667487346	3.296e+52	2.573390600846176	0.00012722182389705603	54.82739129748378	2.169e+52	2.337084602919659	0.00017602367058183556	5.920e+52
5.500e+01	6.011e-01	2.116e+52	56.50864941552946	293/LOGS/profile90	64.65508262989954	2.716e-02	50.47608266054884	1.1283059646666211	58.947496595372016	3.446e+52	2.566613062622588	0.00012393720015619028	56.64525292920581	2.245e+52	2.299388645310822	0.0001758222150532331	5.341e+52
5.695e+01	5.820e-01	2.180e+52	58.409960513569786	294/LOGS/profile76	66.22613687182921	3.039e-02	53.03975165609098	1.080989050521384	60.93283012868001	3.593e+52	2.6555979347042045	0.00012098494286537684	58.54533529860482	2.307e+52	2.403128705257844	0.00016668370450409825	4.699e+52
5.891e+01	5.724e-01	2.245e+52	60.280574823103244	295/LOGS/profile77	74.5059440976669	2.787e-02	54.96340886746858	1.1117195187603635	62.913790362658084	3.736e+52	2.7124552894206193	0.00011809672941086458	60.42268027408758	2.377e+52	2.4702695751405717	0.00016080773846168935	4.058e+52
6.087e+01	5.648e-01	2.315e+52	62.132880668314506	296/LOGS/profile75	76.06145389198633	2.625e-02	56.379617884468786	1.126540951531931	64.93541696411644	3.911e+52	2.759108709828893	0.00011570842509091536	62.27056336986986	2.445e+52	2.499653618244456	0.00015835118380182477	3.591e+52
6.283e+01	5.537e-01	2.372e+52	63.994328713623155	297/LOGS/profile83	80.78735877229866	2.171e-02	58.64702171505404	1.2401139289010852	66.92870628742175	4.051e+52	2.813884273109611	0.00011284503573054622	64.13516070366632	2.502e+52	2.554050566463658	0.00015152359491552866	3.050e+52
6.479e+01	5.465e-01	2.437e+52	65.84839000285318	298/LOGS/profile75	86.36231562231966	2.109e-02	59.92671784286033	1.2086718300946828	68.9307604826095	4.198e+52	2.8514141102668336	0.00011011752708406738	65.99427967794425	2.570e+52	2.5956224065932987	0.00014510661140150092	2.662e+52
6.672e+01	5.387e-01	2.501e+52	67.68892967495222	299/LOGS/profile70	90.23553320095311	1.957e-02	61.395631903169686	1.211835342662245	70.91990669821128	4.351e+52	2.889632585760157	0.00010779108845193561	67.83743916496702	2.634e+52	2.6250893711835306	0.0001408145849679934	2.344e+52
