Mbh		 abh		 AMexp		  Mexp		 filename		 tff			 Md			 Mco			 Rexp			  MHe_form			  AMfinal_He_form			 R_He_form			  Omega_mean_He_form			  MHe_dep			  AMfinal_He_dep			 R_He_dep			  Omega_mean_He_dep			 Eacc
4.984e+00	1.515e-01	3.256e+49	4.9842222924689805	0/LOGS/profile72	969.4053108280083	1.367e-09	2.970036300074861	1.4008171874779967	4.999525745077429	3.355e+49	1.4534482417649028	0.0002592384670856242	4.9896628755591275	3.300e+49	1.4534482417649028	0.0002592384670856242	8.809e+47
6.964e+00	1.289e-01	5.400e+49	6.964186569083938	1/LOGS/profile12	651.3072481546889	7.582e-13	4.69697945054234	2.713959724132095	6.9989072878347525	5.658e+49	2.713959724132095	0.00022746541163655792	6.975744816143836	5.501e+49	2.713959724132095	0.00022746541163655792	1.477e+46
8.938e+00	1.120e-01	7.782e+49	8.938068294867508	2/LOGS/profile35	0	0.000e+00	6.534862370835724	1.2062680805018293	8.998252161919673	8.285e+49	1.2062680805018293	0.0001812775073258448	8.955658023445467	7.956e+49	1.2062680805018293	0.0001812775073258448	0.000e+00
1.090e+01	1.010e-01	1.038e+50	10.904302719921851	3/LOGS/profile11	0	0.000e+00	8.212380410409475	0.8827585633419937	10.996840342638556	1.125e+50	1.01307762135696	0.00014423062937742034	10.917030840107495	1.053e+50	0.8950315597923721	0.00014423062937742034	0.000e+00
1.286e+01	9.061e-02	1.300e+50	12.86284905683244	4/LOGS/profile15	0	0.000e+00	9.931897789369172	0.8473446232505197	12.996818447594464	1.436e+50	1.1135810493936653	0.00012393973652179342	12.898853194260134	1.344e+50	0.997859538499228	0.00012393973652179342	0.000e+00
1.482e+01	8.314e-02	1.574e+50	14.819475378112294	5/LOGS/profile32	0	0.000e+00	11.295111634082653	0.9311934793895391	14.995898219566415	1.763e+50	1.2088825978116793	0.00011640329657275651	14.852811424321985	1.618e+50	1.075430549770876	0.00011640329657275651	0.000e+00
1.680e+01	7.775e-02	1.897e+50	16.796576059445925	6/LOGS/profile33	0	0.000e+00	12.522515796887419	0.9845345258675263	16.99298936866435	2.114e+50	1.2979613623518764	8.91125701149698e-05	16.805016020850616	1.910e+50	1.1999686878069842	8.91125701149698e-05	0.000e+00
1.872e+01	7.083e-02	2.161e+50	18.71924978664701	7/LOGS/profile2	0	0.000e+00	14.310665710727728	0.7055570452586378	18.991076980981433	2.483e+50	1.37022537306434	0.00010683931828073773	18.76336513180105	2.226e+50	1.2327657975957058	0.00010683931828073773	0.000e+00
2.066e+01	6.751e-02	2.480e+50	20.66079562160242	8/LOGS/profile31	0	0.000e+00	15.34392657755656	0.7304018937542489	20.990110579497443	2.885e+50	1.4599677632595247	0.00010391713866553976	20.706795852084635	2.552e+50	1.3018301571432762	0.00010391713866553976	0.000e+00
2.260e+01	6.317e-02	2.790e+50	22.60132873379703	9/LOGS/profile86	0	0.000e+00	15.175533314670114	0.8707772062387114	22.990656792969492	3.292e+50	1.531292645039432	9.808244332242738e-05	22.65301351016181	2.874e+50	1.369116242471996	9.808244332242738e-05	0.000e+00
2.454e+01	6.050e-02	3.144e+50	24.53723292088093	10/LOGS/profile4	0	0.000e+00	20.286603185555602	0.8235434223673805	24.988453807279146	3.726e+50	1.6025844546231351	9.373901647413594e-05	24.58761074669316	3.227e+50	1.4351912498912718	9.373901647413594e-05	0.000e+00
2.647e+01	5.759e-02	3.473e+50	26.47226242784079	11/LOGS/profile43	0	0.000e+00	21.502558968452306	0.7727155238090473	26.987107854503545	4.156e+50	1.6670562434288179	8.806228908246269e-05	26.529218217472426	3.569e+50	1.504348361705065	8.806228908246269e-05	0.000e+00
2.843e+01	5.461e-02	3.807e+50	28.42582628271153	12/LOGS/profile31	0	0.000e+00	20.56418730574578	0.8878590285596979	28.98460245023484	4.552e+50	1.727574523385109	7.884504516263365e-05	28.44789776799612	3.842e+50	1.546682008765791	7.884504516263365e-05	0.000e+00
3.034e+01	5.159e-02	4.138e+50	30.337195650851893	13/LOGS/profile21	0	0.000e+00	25.33067243508254	0.6510370304854884	30.982942277958426	5.035e+50	1.8083795914325007	7.729773555553254e-05	30.38870567060803	4.230e+50	1.621952222883904	7.729773555553254e-05	0.000e+00
3.227e+01	4.934e-02	4.447e+50	32.26942417750317	14/LOGS/profile66	0	0.000e+00	23.499010620338854	1.0420284779081541	32.98156354104504	5.451e+50	1.8517983785264227	7.962423190718952e-05	32.294992368548606	4.490e+50	1.6557731374411493	7.962423190718952e-05	0.000e+00
3.419e+01	4.667e-02	4.756e+50	34.18958285457827	15/LOGS/profile60	0	0.000e+00	25.82381214231441	1.0152188399808688	34.97884663675776	5.892e+50	1.9121028815136867	6.826530487782223e-05	34.21682328887285	4.802e+50	1.7125180685303012	6.826530487782223e-05	0.000e+00
3.611e+01	4.526e-02	5.104e+50	36.10790721451999	16/LOGS/profile85	0	0.000e+00	25.748697893422985	225.41519290103915	36.97373006812415	6.342e+50	225.41519290103915	7.417646897489207e-05	36.13959179462577	5.155e+50	225.41519290103915	7.417646897489207e-05	0.000e+00
3.802e+01	4.324e-02	5.409e+50	38.01796881780173	17/LOGS/profile33	0	0.000e+00	20.43402752770932	4.752094779415005	38.97557997891405	6.808e+50	4.752094779415005	9.420746621143167e-05	38.04999735448821	5.463e+50	4.752094779415005	9.420746621143167e-05	0.000e+00
3.992e+01	4.217e-02	5.812e+50	39.92299655534798	18/LOGS/profile65	0	0.000e+00	18.368140897826127	329.3006934270711	40.97322009075578	7.313e+50	329.3006934270711	0.0001034291007010738	39.957563450709664	5.866e+50	329.3006934270711	0.0001034291007010738	0.000e+00
4.182e+01	3.949e-02	6.004e+50	41.82335161327435	19/LOGS/profile92	0	0.000e+00	29.879794522674235	1.290026213678389	42.97009836994974	7.776e+50	2.1830826909133934	5.585648763187851e-05	41.894135190422894	6.150e+50	1.9633438222829516	5.585648763187851e-05	0.000e+00
4.374e+01	3.948e-02	6.547e+50	43.73647722398874	20/LOGS/profile51	0	0.000e+00	39.169509578917435	1.389493882303817	44.966303401493825	8.247e+50	2.2012365575329143	5.047297119165288e-06	43.77494051385377	6.602e+50	1.968671079662735	6.873065716131896e-06	0.000e+00
4.565e+01	3.817e-02	6.980e+50	45.64605688750288	21/LOGS/profile47	0	0.000e+00	40.94098465831758	0.6463521708576351	46.963418204230734	8.751e+50	2.2656416313036916	4.812357315475572e-06	45.69193869623796	7.041e+50	2.0433591143241685	6.4199510414020545e-06	0.000e+00
4.755e+01	3.699e-02	7.341e+50	47.5457815144913	22/LOGS/profile80	0	0.000e+00	42.76476676567177	0.505163981315941	48.9625711726479	9.242e+50	2.3186127478600653	4.3419144909585835e-05	47.59163764965472	7.402e+50	2.0886581675098417	4.3419144909585835e-05	0.000e+00
4.944e+01	3.633e-02	7.682e+50	49.439444356087826	23/LOGS/profile38	0	0.000e+00	44.40268256503807	2.9990755713808754	50.9593509350936	9.704e+50	2.9990755713808754	4.649997487504046e-06	49.48717286870232	7.742e+50	2.9990755713808754	5.948795383860862e-06	0.000e+00
5.135e+01	3.474e-02	8.039e+50	51.34698863808774	24/LOGS/profile61	0	0.000e+00	46.08609793712223	0.5203077670315502	52.95743438666294	1.019e+51	2.4449797770306576	3.9411334710305336e-05	51.39782985682517	8.105e+50	2.2038759494617834	3.9411334710305336e-05	0.000e+00
5.325e+01	3.304e-02	8.137e+50	53.249908439402326	25/LOGS/profile68	0	0.000e+00	47.57547932790546	24.19059641413224	54.95363072413343	1.075e+51	24.19059641413224	3.911305528487341e-05	53.307909628125294	8.234e+50	24.19059641413224	3.911305528487341e-05	0.000e+00
5.514e+01	3.180e-02	8.486e+50	55.13854321664386	26/LOGS/profile100	0	0.000e+00	49.37803778454123	0.5730655691942838	56.94877322561016	1.121e+51	2.565117682753206	3.8489757065802847e-05	55.208721971089204	8.592e+50	2.331852809492412	3.8489757065802847e-05	0.000e+00
5.703e+01	3.094e-02	8.833e+50	57.03057416314854	27/LOGS/profile92	0	0.000e+00	51.15428422928195	0.5765724650343083	58.945989212214066	1.171e+51	2.6178799873766305	3.7355557777352535e-05	57.09844371107162	8.933e+50	2.386447423022381	3.7355557777352535e-05	0.000e+00
5.887e+01	3.142e-02	9.440e+50	58.86512658535735	28/LOGS/profile30	0	0.000e+00	52.713519075466095	0.6075607959426275	60.94597332691134	1.223e+51	2.605841117417626	4.110280084720452e-06	58.92771711264165	9.507e+50	2.3464852216860677	4.696788062200231e-06	0.000e+00
6.077e+01	3.052e-02	9.889e+50	60.76525241419999	29/LOGS/profile33	0	0.000e+00	54.95220285927957	0.6283719261136274	62.930637132973544	1.272e+51	2.6714894531357047	4.005118005094958e-06	60.8303901971039	9.957e+50	2.417849444704136	4.53640031436869e-06	0.000e+00
6.267e+01	2.936e-02	1.005e+51	62.67364315059531	30/LOGS/profile73	0	0.000e+00	53.85409725376643	0.6534171305535842	64.93913527039511	1.329e+51	2.7494158979480985	3.0084647339906368e-05	62.74257180433794	1.014e+51	2.5083652326678894	3.0084647339906368e-05	0.000e+00
6.456e+01	2.782e-02	1.003e+51	64.55605316305517	31/LOGS/profile60	0	0.000e+00	51.6511101323973	0.6913386430522448	66.93210844790757	1.376e+51	2.816087372749107	3.0427277923048265e-05	64.6279410886101	1.013e+51	2.564710028649406	3.0427277923048265e-05	0.000e+00
6.638e+01	2.860e-02	1.092e+51	66.37962608197111	32/LOGS/profile36	0	0.000e+00	59.87518985952949	0.6984105276313536	68.9295444895232	1.425e+51	2.794888428090983	3.71856333936472e-06	66.45368454981795	1.100e+51	2.531461286533845	4.105635000678179e-06	0.000e+00
6.830e+01	2.658e-02	1.073e+51	68.29966655744782	33/LOGS/profile47	0	0.000e+00	55.24850405484479	0.7389442569608106	70.92596030887678	1.478e+51	2.90803888514	4.50599116138738e-06	68.3780961782516	1.084e+51	2.6496284628652167	4.50599116138738e-06	0.000e+00
7.018e+01	2.683e-02	1.159e+51	70.17632282263222	34/LOGS/profile60	0	0.000e+00	53.32746998587982	0.7408237531804793	72.9281423623215	1.529e+51	2.941285166315129	1.4556365450268948e-05	70.2577313324995	1.167e+51	2.69562007496991	1.4556365450268948e-05	0.000e+00
7.199e+01	2.717e-02	1.222e+51	71.99410222345988	35/LOGS/profile29	0	0.000e+00	60.440032115117596	0.7412277391498089	74.92358801044867	1.586e+51	2.936919861003895	3.509637866580297e-06	72.0784067330303	1.228e+51	2.672660250719524	3.6060103856135595e-06	0.000e+00
7.393e+01	2.621e-02	1.243e+51	73.9252899087891	36/LOGS/profile49	0	0.000e+00	56.445353652551816	0.816133215751305	76.91137037319751	1.635e+51	3.045926590311094	3.6389251142333837e-06	74.01600165030784	1.251e+51	2.8049528094547957	3.6389251142333837e-06	0.000e+00
7.577e+01	2.530e-02	1.260e+51	75.77414848914381	37/LOGS/profile44	0	0.000e+00	61.18886400433566	0.8604780894824848	78.91591284162818	1.685e+51	3.0837332283385654	2.947659275824994e-06	75.86586019841663	1.269e+51	2.8285678492387616	3.538130905788689e-06	0.000e+00
4.712e+00	3.263e-01	1.623e+50	4.983493570378596	38/LOGS/profile53	195.46453765647493	6.201e-04	3.001687715669932	1.3065530688142752	4.999523846744373	1.677e+50	1.3629765629980555	0.000239055143713829	4.989258254314854	1.648e+50	1.3629765629980555	0.000239055143713829	1.507e+51
6.664e+00	3.148e-01	2.688e+50	6.962547228501416	39/LOGS/profile86	128.4388067659899	1.033e-03	4.7539705029327255	1.2679909233044042	6.99890169619513	2.829e+50	1.2679909233044042	0.0005175489720951901	6.974225955027765	2.743e+50	1.2679909233044042	0.0005175489720951901	1.632e+51
8.647e+00	3.297e-01	3.871e+50	8.935298221499796	40/LOGS/profile94	105.78413323486616	1.311e-03	6.2342152475419725	0.9923254084727144	8.998244280125052	4.143e+50	1.7532106945515669	0.0005487280084789816	8.954962339729713	3.973e+50	1.7532106945515669	0.0005487280084789816	1.881e+51
1.064e+01	3.333e-01	5.191e+50	10.905085736767283	41/LOGS/profile89	111.67501001023693	1.235e-03	8.223397704620607	0.9957405502644613	10.996819130975537	5.624e+50	1.1378615586110152	0.0005289034250723768	10.927890244657254	5.321e+50	1.1378615586110152	0.0005289034250723768	1.920e+51
1.264e+01	3.396e-01	6.524e+50	12.867529864915845	42/LOGS/profile21	115.28409692406535	1.055e-03	9.688968828914861	0.9701421514871403	12.996808232023596	7.181e+50	1.113378611689963	0.0004976530525823301	12.894028671472654	6.688e+50	1.0009012869279086	0.0004976530525823301	1.782e+51
1.667e+01	3.395e-01	9.247e+50	16.764552535049432	44/LOGS/profile53	100.61887717361466	9.124e-04	12.928645841210749	0.7061152607240834	16.992941645437874	1.057e+51	1.2974704087818882	0.0005332556303622152	16.81722941541844	9.615e+50	1.1677061637031156	0.0005332556303622152	9.277e+50
1.865e+01	3.322e-01	1.075e+51	18.715825907287535	45/LOGS/profile10	107.46035479783215	5.569e-04	14.378103874824694	0.8304752232936568	18.991010651588837	1.242e+51	1.3774794770777918	0.0005269244107622609	18.75569224917017	1.105e+51	1.2351359900340657	0.0005269244107622609	5.856e+50
2.062e+01	3.213e-01	1.229e+51	20.65521365905723	46/LOGS/profile46	109.03418352031638	4.869e-04	14.083531157301586	0.7357767239115962	20.990043183610485	1.443e+51	1.4616237252835462	0.0005248221841922632	20.7017796886848	1.266e+51	1.3040669324203922	0.0005248221841922632	3.235e+50
2.256e+01	3.053e-01	1.378e+51	22.588323184522167	47/LOGS/profile92	112.47026617469558	4.209e-04	14.988943740610395	0.7431391546016607	22.990285442141992	1.646e+51	1.5375993354166637	0.0004949094497338235	22.648587521574978	1.427e+51	1.371168923694326	0.0004949094497338235	2.586e+50
2.453e+01	2.938e-01	1.570e+51	24.553090683617764	48/LOGS/profile94	123.7978172703487	3.554e-04	18.000633777867048	0.7633140138092492	24.988650844798013	1.864e+51	1.591806669893146	0.0004616402122690402	24.573469498908388	1.589e+51	1.4283393072714399	0.0004616402122690402	1.710e+50
2.644e+01	2.788e-01	1.699e+51	26.453756443637904	49/LOGS/profile31	109.26540610126865	3.084e-04	21.040899805032872	0.7547945208261996	26.98681395648647	2.078e+51	1.670792544918387	0.00045323203115860497	26.51970793115889	1.757e+51	1.5027861541362713	0.00045323203115860497	1.160e+50
2.838e+01	2.614e-01	1.845e+51	28.38787136625757	50/LOGS/profile41	117.77618249195048	2.515e-04	20.50795547044316	0.7320380824177907	28.985517812703122	2.277e+51	1.7415106220630296	0.0004218379989645944	28.44779743274467	1.900e+51	1.5689429825783234	0.0004218379989645944	7.070e+49
3.030e+01	2.503e-01	2.009e+51	30.308934698536948	51/LOGS/profile27	116.17236722669722	1.893e-04	25.86272763844075	0.8391201761527609	30.98343358826417	2.519e+51	1.817216750946176	0.000399237322342899	30.37495657802367	2.071e+51	1.6281361770590024	0.000399237322342899	5.353e+49
3.417e+01	2.321e-01	2.334e+51	34.17109425649106	53/LOGS/profile40	157.898953163601	1.020e-04	23.277811980145177	0.8674219562777195	34.978221844573866	2.947e+51	1.9149666976329636	0.0004520511152968754	34.2008202159249	2.364e+51	1.7158482288981847	0.0004520511152968754	2.060e+49
3.607e+01	2.166e-01	2.456e+51	36.071412595125054	54/LOGS/profile45	163.5787299655813	7.315e-05	24.494034755021815	1.0394649849518178	36.97608230709847	3.174e+51	2.0050345590420973	0.00035257399457025044	36.13510135198967	2.520e+51	1.7961156050979525	0.00035257399457025044	1.703e+49
3.799e+01	2.118e-01	2.637e+51	37.99464720175436	55/LOGS/profile40	209.97248161273015	6.210e-09	21.954767809667892	65.13181506200247	38.97546948872426	3.405e+51	65.13181506200247	0.0004464801527140648	38.02942631412206	2.673e+51	65.13181506200247	0.0004464801527140648	9.043e+48
4.181e+01	1.956e-01	2.951e+51	41.81031659309855	57/LOGS/profile83	238.98395320972978	2.052e-06	21.265646787600225	4.589220134157393	42.96977127713535	3.889e+51	4.589220134157393	0.0004392461064852289	41.85155455761033	2.995e+51	4.589220134157393	0.0004392461064852289	3.026e+48
4.370e+01	1.866e-01	3.094e+51	43.70471229448702	58/LOGS/profile46	190.2581674206687	1.578e-05	38.960604496905745	0.9861555180255691	44.96553037760265	4.124e+51	2.1992001950499946	2.5892145327323738e-05	43.74663348035167	3.139e+51	1.9694777623961377	3.935411967295019e-05	1.982e+48
4.561e+01	1.822e-01	3.254e+51	45.61018688804014	59/LOGS/profile52	86.62556925257529	9.446e-06	40.79638894906822	0.8331798752608489	46.965033665072355	4.378e+51	2.258833646253243	2.562813185006188e-05	45.656078773238704	3.304e+51	2.033064240847378	3.814297096823876e-05	9.900e+47
4.752e+01	1.725e-01	3.364e+51	47.51810298643978	60/LOGS/profile45	86.19210774108981	4.439e-05	42.14531616105096	0.5894795638882363	48.962459136144155	4.622e+51	2.344425202702486	3.166832074209374e-05	47.57965369527046	3.435e+51	2.119516950924428	3.667801041454973e-05	1.983e+48
4.940e+01	1.680e-01	3.533e+51	49.39566821800629	61/LOGS/profile36	195.68767516953758	3.785e-06	44.24924884578093	0.964140922946269	50.956847114093065	4.852e+51	2.360441596431058	2.342450279586444e-05	49.4430854983271	3.586e+51	2.1145370797121723	3.520325799711889e-05	3.093e+47
5.131e+01	1.593e-01	3.644e+51	51.315146099112084	62/LOGS/profile76	81.98202807794289	2.103e-05	45.49912821533782	0.5096944525317881	52.95634590307978	5.095e+51	2.45802387973052	0.00021337063758248545	51.37736017717042	3.717e+51	2.2260593059356952	0.00021337063758248545	5.787e+47
5.320e+01	1.586e-01	3.848e+51	53.19843872569522	63/LOGS/profile32	174.03597042610662	1.620e-06	47.41101801783946	0.8655706546394547	54.95230996495488	5.378e+51	2.4833420412808067	2.2305259345780254e-05	53.257025316157105	3.914e+51	2.255244243189274	3.263857477803819e-05	8.447e+46
5.505e+01	1.523e-01	3.966e+51	55.05089254245151	64/LOGS/profile36	77.82448454573004	1.261e-06	49.96621948775571	0.5426584089452898	56.95187853948353	5.610e+51	2.50400332587998	2.15894894740495e-05	55.111786182861614	4.032e+51	2.2539703267039766	3.0850456088336367e-05	3.638e+46
5.694e+01	1.446e-01	4.110e+51	56.94189299153972	65/LOGS/profile45	96.3656397498853	3.426e-07	51.36468994282508	0.5630218480267317	58.948174969772865	5.857e+51	2.5543050159620853	2.074876521203586e-05	57.00631154016709	4.183e+51	2.311671010751413	3.070033163670053e-05	8.688e+45
5.884e+01	1.395e-01	4.240e+51	58.84255541145453	66/LOGS/profile24	99.99732188312352	2.147e-09	53.706368573501216	0.573754727183917	60.94708392922293	6.117e+51	2.635456221454677	2.0585186111543776e-05	58.90753524505682	4.313e+51	2.382072911894669	2.895837603491731e-05	5.975e+43
6.074e+01	1.381e-01	4.388e+51	60.73906795536022	67/LOGS/profile36	117.28653627470945	1.280e-09	51.58394902824331	0.6530458498620926	62.94248381277422	6.371e+51	2.6913791661073674	2.006430008777801e-05	60.80933131584511	4.468e+51	2.4552191357928517	2.7828257362732957e-05	3.263e+43
6.262e+01	1.311e-01	4.508e+51	62.61594263806825	68/LOGS/profile36	0	0.000e+00	55.39429102643686	0.6369593359897303	64.93581328094163	6.645e+51	2.748251423275978	1.9637814490509162e-05	62.6870685431866	4.591e+51	2.501272159088645	2.7631827147190595e-05	0.000e+00
6.450e+01	1.256e-01	4.571e+51	64.50361965177183	69/LOGS/profile49	0	0.000e+00	51.656436264954436	0.678302711302356	66.9317064326443	6.884e+51	2.8181333621013085	3.0561946840951815e-05	64.57764823186282	4.661e+51	2.565020288289132	3.0561946840951815e-05	0.000e+00
6.636e+01	1.242e-01	4.702e+51	66.35899589448607	70/LOGS/profile34	0	0.000e+00	57.23230954037891	0.6967443058577782	68.925091514068	7.125e+51	2.851949106745831	1.8695155924971414e-05	66.43728397280563	4.795e+51	2.592596825550712	2.5535347417559797e-05	0.000e+00
6.822e+01	1.231e-01	4.928e+51	68.21510749896795	71/LOGS/profile27	0	0.000e+00	60.519747167683356	0.7330819220567264	70.93143104590521	7.399e+51	2.8628171569322753	1.8308594167683646e-05	68.29693179536396	5.018e+51	2.6110379147073086	2.4564133973224642e-05	0.000e+00
7.006e+01	1.203e-01	5.076e+51	70.06183661847724	72/LOGS/profile29	0	0.000e+00	59.104011039572256	0.7365518302394337	72.92685375416985	7.648e+51	2.8847082021421224	1.7903012639176385e-05	70.1479273455759	5.172e+51	2.6286209316059206	2.4017481122959734e-05	0.000e+00
7.193e+01	1.170e-01	5.211e+51	71.92516418542672	73/LOGS/profile31	0	0.000e+00	62.789771867266204	0.7742941344403459	74.91664473721582	7.927e+51	2.9287179124718428	1.7590550799580356e-05	72.01101825864669	5.310e+51	2.665872979031935	2.3988077415871038e-05	0.000e+00
7.384e+01	1.128e-01	5.297e+51	73.8352498601045	74/LOGS/profile32	0	0.000e+00	59.859216120500356	0.8306165697470145	76.9171659079988	8.185e+51	3.0246136180834275	1.7206237779570333e-05	73.92839844288751	5.401e+51	2.775022846777237	2.2252448937395972e-05	0.000e+00
7.567e+01	1.089e-01	5.370e+51	75.66614097331323	75/LOGS/profile32	0	0.000e+00	61.5580078819077	0.8455944743087355	78.91629251798432	8.431e+51	3.046175108482764	1.6843217281057527e-05	75.75990289702256	5.471e+51	2.780876716637047	2.143219678075523e-05	0.000e+00
4.436e+00	3.152e-01	2.921e+50	4.983955656801873	76/LOGS/profile52	141.4081687164141	3.891e-03	2.9525668102115064	1.4605604992006835	4.999521876684241	3.018e+50	1.5345153826537623	0.0005108739055314734	4.985299930825587	2.941e+50	1.5345153826537623	0.0005108739055314734	2.505e+51
6.356e+00	3.298e-01	4.828e+50	6.961758944669169	77/LOGS/profile83	85.91442036962496	7.896e-03	4.7453071063648045	1.1409586149322972	6.998895864640838	5.092e+50	1.1950415565557626	0.0007364111950309701	6.974321399503268	4.939e+50	1.1950415565557626	0.0007364111950309701	3.116e+51
8.259e+00	3.459e-01	6.965e+50	8.935458037373076	78/LOGS/profile68	74.99058136761771	9.338e-03	6.344402127305498	1.0830768593970235	8.998236017459153	7.458e+50	1.3118746951175546	0.0004627619540621491	8.953423702394012	7.139e+50	1.3118746951175546	0.0004627619540621491	4.229e+51
1.020e+01	3.771e-01	9.333e+50	10.904456097130673	79/LOGS/profile96	74.54948597641872	1.131e-02	7.98198153091634	0.9781456073322345	10.996797258501925	1.013e+51	1.1055161115778742	0.0008081905692028435	10.926983597578587	9.571e+50	1.1055161115778742	0.0008081905692028435	5.844e+51
1.220e+01	4.171e-01	1.162e+51	12.85616137659034	80/LOGS/profile35	53.0924988111837	1.421e-02	9.851594057828686	0.7354441695510722	12.996797635849118	1.293e+51	1.114219046630613	0.0009327705921400322	12.876929394473212	1.186e+51	0.9762008922595844	0.0009327705921400322	7.752e+51
1.418e+01	4.198e-01	1.411e+51	14.815683662855365	81/LOGS/profile39	55.96290701474618	1.204e-02	11.55234470596838	0.8043492864928542	14.99587141208344	1.587e+51	1.2088720987650479	0.000902981643792133	14.856367282062097	1.459e+51	1.090095694564153	0.000902981643792133	8.146e+51
1.618e+01	4.435e-01	1.660e+51	16.760192257891006	82/LOGS/profile66	52.21885535144983	1.036e-02	13.029430323410947	0.7221370521883417	16.992891777048552	1.904e+51	1.2963270564037377	0.0009659975188538659	16.794254053824588	1.704e+51	1.1533542689975107	0.0009659975188538659	9.658e+51
1.821e+01	4.644e-01	1.925e+51	18.706640268786785	83/LOGS/profile51	56.419559407319845	9.283e-03	14.331252983851547	0.6814767426691215	18.99094064798579	2.236e+51	1.3728670879332237	0.0009812022667009107	18.74977469587799	1.984e+51	1.2344508022817942	0.0009812022667009107	9.721e+51
2.022e+01	4.664e-01	2.191e+51	20.63917421172673	84/LOGS/profile66	59.67539326406116	4.097e-03	14.434215655399278	1.1363196138448615	20.990950295301424	2.599e+51	1.4592497160718714	0.0009626359184205255	20.704896992300128	2.284e+51	1.3110702138121064	0.0009626359184205255	8.501e+51
2.227e+01	4.712e-01	2.468e+51	22.576203848144267	85/LOGS/profile86	57.412867298510086	5.460e-03	18.232707956533066	0.7567837833625017	22.99028712221768	2.965e+51	1.5340061327134193	0.0009318550708432572	22.633042756791948	2.552e+51	1.3719340010205752	0.0009318550708432572	6.762e+51
2.426e+01	4.673e-01	2.811e+51	24.54034811010655	86/LOGS/profile80	69.27730162645479	5.908e-03	19.230606658808092	0.7396978142614518	24.988481653542934	3.356e+51	1.5913265471107885	0.0008498393935175313	24.55972442756387	2.844e+51	1.4238965059818682	0.0008498393935175313	5.792e+51
2.622e+01	4.466e-01	3.055e+51	26.450157306995457	87/LOGS/profile74	72.70356898084898	5.069e-03	21.095857539708177	0.7744255298772469	26.98646498479858	3.743e+51	1.6755000151596535	0.0004925647625172818	26.51073804672845	3.153e+51	1.5114416435133082	0.0004925647625172818	4.468e+51
2.816e+01	4.263e-01	3.305e+51	28.377081296452147	88/LOGS/profile99	72.72674965288229	4.002e-03	23.553932101059747	0.8975711451626822	28.985488253793847	4.102e+51	1.7454596571239236	0.0007494296778909145	28.442611948306666	3.413e+51	1.575699346811437	0.0007494296778909145	3.771e+51
3.013e+01	4.141e-01	3.618e+51	30.30225614815364	89/LOGS/profile87	64.90152336482214	5.254e-03	24.724377502771844	0.7052273618058241	30.983443399422697	4.537e+51	1.8050162157414376	0.000717505241092129	30.35139708630097	3.704e+51	1.6223038651341748	0.000717505241092129	2.806e+51
3.209e+01	4.001e-01	3.898e+51	32.22933804040544	90/LOGS/profile100	69.89115720500314	4.131e-03	24.465728803665836	0.7659259265259968	32.979907790043704	4.909e+51	1.8459285376211425	0.0007160137494877049	32.25593205840557	3.948e+51	1.643507587667518	0.0007160137494877049	2.238e+51
3.596e+01	3.753e-01	4.432e+51	36.061000571526364	92/LOGS/profile14	57.69965387494998	3.984e-04	31.85600752082993	6.423051155420853	36.9770377204421	5.718e+51	6.423324081877307	0.0006228132699747424	36.096852752462866	4.501e+51	6.423324081877307	0.0006228132699747424	1.317e+51
3.787e+01	3.615e-01	4.697e+51	37.96597444186058	93/LOGS/profile82	84.59392505413321	2.066e-03	26.36861137080672	1.1023145725904073	38.97485697552033	6.134e+51	2.0283773707043093	0.0005926244510580773	38.001975897390906	4.767e+51	1.817092048867029	0.0005926244510580773	1.150e+51
4.170e+01	3.376e-01	5.238e+51	41.77109799955773	95/LOGS/profile99	72.31137441995529	5.172e-04	31.14862885075766	3.771496200818248	42.96790244926804	7.004e+51	3.771496200818248	0.000791184693068566	41.81058520745026	5.318e+51	3.771496200818248	0.000791184693068566	7.259e+50
4.554e+01	3.093e-01	5.767e+51	45.578077747184714	97/LOGS/profile56	45.80823600210394	4.810e-03	40.83698523899255	0.45146009056848835	46.96492056741257	7.888e+51	2.262457500795494	5.964008992341876e-05	45.62695015078395	5.869e+51	2.0396421345935476	6.954400491494811e-05	4.577e+50
4.742e+01	3.048e-01	6.031e+51	47.472198983333776	98/LOGS/profile52	77.36958926358156	2.374e-03	42.41150383738412	0.7779794728356141	48.96187744759462	8.327e+51	2.3112340132662488	4.38181749700666e-05	47.52563932770895	6.143e+51	2.0889072476750763	6.688408025638062e-05	4.733e+50
4.933e+01	2.916e-01	6.245e+51	49.368224502988596	99/LOGS/profile33	175.55268031183726	2.725e-04	44.43885618408193	1.9322244359833898	50.95936204671999	8.745e+51	2.3829058689569314	4.2273026180545274e-05	49.41921144694458	6.353e+51	2.1383035977652898	6.377886540028289e-05	2.431e+50
5.121e+01	2.784e-01	6.487e+51	51.235182867328845	100/LOGS/profile38	44.562482095740044	2.086e-03	46.1729811561464	0.585069521758494	52.95559225498729	9.178e+51	2.4089707154315705	4.0868188265179795e-05	51.28829876929296	6.600e+51	2.1498915639363414	6.308064351048634e-05	2.089e+50
5.309e+01	2.757e-01	6.792e+51	53.11782525800394	101/LOGS/profile38	89.76630337486245	1.964e-04	47.50356425097014	2.559194039279099	54.95465511666705	9.693e+51	2.559194039279099	4.0150553631998664e-05	53.174326819942046	6.914e+51	2.559194039279099	6.177268877264855e-05	1.829e+50
5.499e+01	2.650e-01	7.011e+51	55.01328667251784	102/LOGS/profile41	166.86685004336994	2.566e-04	49.24166341254406	1.785139596822325	56.95098365378429	1.011e+52	2.5078424687456464	3.862747132114859e-05	55.07552664134516	7.146e+51	2.264882822042584	5.8302712258004473e-05	1.256e+50
5.691e+01	2.514e-01	7.212e+51	56.92462787026483	103/LOGS/profile30	49.03830754575644	1.731e-03	51.342801194767844	0.5431972343583714	58.9490213133915	1.055e+52	2.5990091689186303	3.798798219492761e-05	56.991024861769546	7.359e+51	2.359577660053058	5.5440537918629166e-05	1.114e+50
5.876e+01	2.503e-01	7.486e+51	58.772556538200476	104/LOGS/profile33	45.917495084509966	1.517e-03	51.818697068929126	0.6044511236862325	60.9425068157509	1.101e+52	2.6065728255715106	3.7078679549178904e-05	58.83985560105413	7.632e+51	2.3569015377552525	5.445200735056301e-05	1.186e+50
6.063e+01	2.380e-01	7.718e+51	60.640314208594226	105/LOGS/profile32	61.48538078792608	1.037e-03	55.178479663504106	0.5974218222120176	62.94226955048657	1.148e+52	2.652181635261036	3.6195329178950606e-05	60.71038903232262	7.870e+51	2.389839405622065	5.257922181293184e-05	6.336e+49
6.255e+01	2.293e-01	7.914e+51	62.56298350508497	106/LOGS/profile39	72.6551234623528	1.053e-03	52.7823531764275	0.6438444568579546	64.93944525440493	1.198e+52	2.762787778984662	3.538903114138893e-05	62.646638263055536	8.103e+51	2.5231105190477225	4.9511751502194676e-05	6.053e+49
6.442e+01	2.271e-01	8.122e+51	64.43184915942956	107/LOGS/profile43	55.64094242570488	5.888e-04	54.33853790584678	0.6983705428966501	66.93128204687041	1.240e+52	2.8020108750090014	3.884165000001657e-05	64.50873816261907	8.296e+51	2.5476919869954817	4.815636033011841e-05	3.936e+49
6.629e+01	2.194e-01	8.313e+51	66.2993781842003	108/LOGS/profile25	50.63967712568721	5.308e-04	59.827522084893026	0.7222600835462603	68.93352175597563	1.285e+52	2.849050862396954	3.371600046197725e-05	66.37973333514037	8.495e+51	2.5926773598157893	4.678139496680381e-05	3.616e+49
6.816e+01	2.135e-01	8.555e+51	68.16880327936235	109/LOGS/profile40	72.12075862867702	6.336e-04	55.41122298887843	0.7432133665726529	70.92880289045063	1.333e+52	2.8952095577597676	3.281615522588363e-05	68.25281736138949	8.745e+51	2.639283751721997	4.5621927404438376e-05	3.734e+49
7.003e+01	2.059e-01	8.707e+51	70.03263237431236	110/LOGS/profile29	67.36311014116026	4.287e-04	58.92438442840857	0.7672152741997428	72.89907463745841	1.374e+52	2.952017289024846	3.229001133341138e-05	70.11868044438478	8.904e+51	2.6847919676318637	4.439142269251614e-05	2.577e+49
7.185e+01	2.045e-01	9.081e+51	71.85649975557622	111/LOGS/profile22	80.07081689889898	2.827e-04	59.637319220661574	0.7808441398149333	74.92154186082641	1.429e+52	2.9295286565956515	3.171631798911582e-05	71.94479592550846	9.279e+51	2.6673404033832333	4.346712310764469e-05	1.476e+49
7.371e+01	1.989e-01	9.312e+51	73.71460812274262	112/LOGS/profile40	124.4616050837403	3.359e-04	60.78470217135157	0.8290148963638031	76.91840427183536	1.475e+52	2.9743138179538944	3.0640940087893434e-05	73.81026340740459	9.525e+51	2.7145996003804034	4.258016371874558e-05	1.446e+49
7.557e+01	1.935e-01	9.523e+51	75.57473482583113	113/LOGS/profile36	81.07723184509544	2.077e-04	64.9612333049999	0.8472333036314724	78.90676638731408	1.518e+52	3.018437318043991	3.031729698851375e-05	75.67231644460166	9.740e+51	2.7553325784130713	4.0947234190249766e-05	1.085e+49
4.296e+00	2.976e-01	4.191e+50	4.9824723212907065	114/LOGS/profile61	88.10715786521452	1.312e-02	3.086141503575771	1.3992368689767436	4.999592702207952	4.358e+50	1.5533231352308283	0.0002858552940401679	4.988306690913125	4.273e+50	1.5533231352308283	0.0005035497323919399	2.346e+51
6.094e+00	3.297e-01	6.981e+50	6.9635138435992046	115/LOGS/profile14	77.65475859327296	1.801e-02	4.577850974829311	1.3014442136278994	6.998889756733066	7.354e+50	1.376069080005673	0.00022802457547337876	6.974107509171078	7.131e+50	1.376069080005673	0.0003425129287110565	4.253e+51
7.994e+00	3.734e-01	1.001e+51	8.933138606985851	116/LOGS/profile11	61.63778879653179	2.813e-02	6.384334779886469	0.947756273909199	8.998227403889347	1.077e+51	1.186472345041253	0.00019327364213765424	8.951916398861881	1.030e+51	1.186472345041253	0.00029727909031926233	6.870e+51
9.843e+00	4.082e-01	1.343e+51	10.901407421384055	117/LOGS/profile9	54.19400148408808	3.008e-02	8.067673727489595	0.9842304862015517	10.996774186309144	1.463e+51	1.0636859820231201	0.00017050418378255393	10.92446987608298	1.379e+51	1.0636859820231201	0.0002658308098006608	1.057e+52
1.180e+01	4.659e-01	1.671e+51	12.8515437407248	118/LOGS/profile17	37.062626817262924	3.946e-02	9.875431294706972	0.7407604849860777	12.996786601834275	1.868e+51	1.1163188343972825	0.0013594418941706317	12.890881230802732	1.736e+51	1.0066415607643984	0.0013594418941706317	1.610e+52
1.367e+01	4.814e-01	2.023e+51	14.806933900911787	119/LOGS/profile40	46.36222296079985	3.494e-02	11.45041771856541	0.7311653606346732	14.995857137251676	2.294e+51	1.2079311750799975	0.00021940016932237396	14.854540143373187	2.106e+51	1.0910369478910598	0.00021940016932237396	2.084e+52
1.568e+01	5.044e-01	2.388e+51	16.753320686248642	120/LOGS/profile9	34.93966864729839	3.619e-02	13.147980280390756	0.656356622424404	16.992839246760806	2.752e+51	1.30027603589902	0.0014246002225061323	16.802544796000426	2.479e+51	1.172608433954446	0.0014246002225061323	2.375e+52
1.765e+01	5.349e-01	2.757e+51	18.69332939895713	121/LOGS/profile31	39.945513155422	2.783e-02	13.151068223293887	0.665784919759585	18.990867881032546	3.232e+51	1.3774940483976035	0.0014657756300949366	18.7510000243185	2.869e+51	1.2431766267934516	0.0014657756300949366	3.072e+52
1.957e+01	5.248e-01	3.171e+51	20.639229365998528	122/LOGS/profile94	43.39204845144001	2.714e-02	14.909554883940173	0.6985281249236965	20.990829606357593	3.757e+51	1.4621722635946863	0.0013574168671932271	20.687976487975792	3.272e+51	1.3101853163057506	0.0013574168671932271	3.082e+52
2.171e+01	5.513e-01	3.540e+51	22.56316232223264	123/LOGS/profile90	41.970769160848924	2.217e-02	17.797512335115638	0.6781075269148338	22.99040178331593	4.287e+51	1.539081614592002	0.00133032276032998	22.626282260774346	3.676e+51	1.379516659717065	0.00133032276032998	2.926e+52
2.372e+01	5.541e-01	3.977e+51	24.502422623506995	124/LOGS/profile95	46.22635415673468	1.985e-02	20.248025434928717	0.7292635620464473	24.98857202702234	4.853e+51	1.6051493003124262	0.0012597049666787544	24.55813964611405	4.103e+51	1.444949725091929	0.0012597049666787544	2.626e+52
2.570e+01	5.411e-01	4.384e+51	26.433053386303836	125/LOGS/profile15	45.131632508541045	1.347e-02	22.12620878355348	1.0146213271536202	26.98719893284851	5.413e+51	1.6727730064203503	0.0011789140348172392	26.486527989961964	4.511e+51	1.5008225445075933	0.0011789140348172392	2.307e+52
2.774e+01	5.402e-01	4.718e+51	28.349381904671393	126/LOGS/profile19	48.24917997423711	1.899e-02	20.740188708647565	0.7293192442170583	28.98511973158524	5.930e+51	1.7475192595281759	0.0011074760487302265	28.420499922474733	4.888e+51	1.570543117212001	0.0011074760487302265	1.850e+52
2.968e+01	5.249e-01	5.238e+51	30.295949372146236	127/LOGS/profile5	35.346796383137686	2.240e-02	24.933688960731374	0.6774997474883508	30.982803394232175	6.559e+51	1.7870322963681942	0.0010745742174289687	30.323760539553188	5.313e+51	1.6032895297471694	0.0010745742174289687	1.891e+52
3.165e+01	5.111e-01	5.563e+51	32.204507138608435	128/LOGS/profile92	51.96880167480479	1.471e-02	25.560751927176533	0.8884524638359161	32.98140663959079	7.102e+51	1.8651718056107431	0.0009681462181677934	32.25270461501234	5.689e+51	1.6757359400004104	0.0009681462181677934	1.506e+52
3.558e+01	4.946e-01	6.345e+51	36.02857605748229	130/LOGS/profile19	57.290114021173046	5.158e-04	23.838463127738013	20.183391038005876	36.975674210400186	8.267e+51	20.183391038005876	0.0008843090791154458	36.06350366941163	6.442e+51	20.183391038005876	0.0008843090791154458	8.552e+51
3.948e+01	4.669e-01	7.128e+51	39.83579831939901	132/LOGS/profile95	59.599509852279745	7.668e-04	35.37997919177109	12.048958085871165	40.97066268880013	9.526e+51	12.048958085871165	0.0008469314282412274	39.87585431538857	7.245e+51	12.048958085871165	0.0008469314282412274	6.669e+51
4.145e+01	4.407e-01	7.436e+51	41.74639097697472	133/LOGS/profile67	67.64052046937012	1.127e-02	32.061410714552586	0.895899136978115	42.97015727031395	1.013e+52	2.1865511837574365	0.0006490898598334936	41.801443007465984	7.599e+51	1.9575066985647143	0.0006490898598334936	5.723e+51
4.363e+01	4.267e-01	7.862e+51	43.63642232740891	134/LOGS/profile28	54.726825968720696	8.408e-08	39.62166043134923	183.0225080558028	44.96765758228123	1.075e+52	183.0225080558028	0.0008126596840368628	43.681875035763454	7.998e+51	183.0225080558028	0.0008126596840368628	1.163e+52
4.530e+01	4.261e-01	8.260e+51	45.534568442144135	135/LOGS/profile65	46.90416158786774	4.915e-03	40.51108476431509	1.6753012017609485	46.96564883178493	1.141e+52	2.2550317217608233	6.935501843173285e-05	45.58216598924429	8.405e+51	2.0214589775672547	0.00010167204175101286	4.310e+51
4.722e+01	4.145e-01	8.601e+51	47.4119591615269	136/LOGS/profile52	75.62525803942145	8.685e-03	42.390363556404225	0.888074363459137	48.96225217139633	1.205e+52	2.301237317183041	6.333511187903172e-05	47.46427255697138	8.759e+51	2.0545767372981243	9.627403925241938e-05	3.335e+51
4.913e+01	4.009e-01	8.943e+51	49.31555484847621	137/LOGS/profile54	63.20294620181965	1.866e-03	44.527601524293026	2.7187571773701342	50.960223739604395	1.265e+52	2.7187571773701342	6.201968884249816e-05	49.37042907682371	9.113e+51	2.7187571773701342	9.204377222732118e-05	2.890e+51
5.106e+01	3.843e-01	9.293e+51	51.207611805442674	138/LOGS/profile44	56.935102993763934	1.181e-02	45.901168496450616	0.646931908881795	52.95556481710846	1.328e+52	2.419214784745012	5.913115696418483e-05	51.26755545921822	9.480e+51	2.1862988589929713	8.826653858631246e-05	2.346e+51
5.293e+01	3.801e-01	9.676e+51	53.07353757826088	139/LOGS/profile43	40.50188960055321	1.455e-02	47.33234020852148	0.5258645755582215	54.95137459917403	1.401e+52	2.46370746347313	5.7950701651846595e-05	53.13471519899146	9.868e+51	2.206191283888562	8.715933213211407e-05	2.179e+51
5.486e+01	3.637e-01	9.949e+51	54.993348567312424	140/LOGS/profile34	102.77317389790802	4.034e-03	49.40141329561739	1.279342455955504	56.9502501716716	1.462e+52	2.557924136540764	5.642583034132079e-05	55.059193262018205	1.016e+52	2.3150206229535812	8.272569273137509e-05	1.705e+51
5.676e+01	3.520e-01	1.030e+52	56.86949112528689	141/LOGS/profile36	87.98198381198978	7.323e-03	51.35134093160072	0.8469075909801658	58.947720441109254	1.526e+52	2.5951062370391984	5.494980951459618e-05	56.93941110975441	1.053e+52	2.3580810875551337	7.9864001323471e-05	1.399e+51
5.863e+01	3.473e-01	1.065e+52	58.720623101336315	142/LOGS/profile50	41.01925905963443	9.138e-03	53.2301015155933	0.618497141105681	60.938732301917895	1.593e+52	2.6144733049067623	5.315861954976035e-05	58.79118291034827	1.088e+52	2.3640157967534847	7.747025197436202e-05	1.209e+51
6.053e+01	3.287e-01	1.090e+52	60.61324032811565	143/LOGS/profile40	56.81698992525431	7.792e-03	52.41783945303478	0.6415085285821007	62.9410112008559	1.660e+52	2.7035521120521704	5.247101239255219e-05	60.68818725700221	1.115e+52	2.4463810288563494	7.42866646916152e-05	9.020e+50
6.242e+01	3.262e-01	1.131e+52	62.50512124151971	144/LOGS/profile47	42.13076093115696	8.387e-03	54.856053306613255	0.6743341492834412	64.93748288775238	1.732e+52	2.7598689500657194	6.113734985471213e-05	62.58844398683818	1.158e+52	2.5232234286488007	7.133492142056979e-05	1.046e+51
6.429e+01	3.138e-01	1.150e+52	64.3645569159132	145/LOGS/profile47	45.167378174846625	7.279e-03	54.270277489061925	0.7038177318580745	66.93083214697528	1.794e+52	2.8174259761082294	7.164929336217614e-05	64.4456430732305	1.177e+52	2.556069648231565	7.164929336217614e-05	8.218e+50
6.618e+01	3.011e-01	1.184e+52	66.23234132443896	146/LOGS/profile32	52.16538050066038	5.245e-03	60.27021749553174	0.6910891002029591	68.93314525773687	1.859e+52	2.848771964509391	4.878643379405044e-05	66.31927389980594	1.213e+52	2.5993357114097155	6.700441089469133e-05	5.254e+50
6.804e+01	2.937e-01	1.216e+52	68.08658812507228	147/LOGS/profile38	68.09803148203028	4.491e-03	59.65145613703578	0.7381095204630729	70.92781402305495	1.928e+52	2.8871319950578926	4.756392107792483e-05	68.17661577958395	1.246e+52	2.6285847572304752	6.50671313256241e-05	4.269e+50
6.990e+01	2.916e-01	1.248e+52	69.94463231667785	148/LOGS/profile34	67.9639368619344	4.657e-03	58.38121223050998	0.7557695566076538	72.92667164434556	1.994e+52	2.9171088209679845	4.6705695577726806e-05	70.03690258012948	1.278e+52	2.664047981799698	6.403164499849415e-05	4.108e+50
7.178e+01	2.838e-01	1.278e+52	71.8251335366562	149/LOGS/profile34	92.96400025628604	4.090e-03	58.47449342277754	0.8039813322698451	74.92237136145823	2.068e+52	2.985952939986897	4.584668812151666e-05	71.92756294026063	1.313e+52	2.744743891949648	6.148330446376108e-05	3.460e+50
