Mbh		 abh		 AMexp		  Mexp		 filename		 tff			 Md			 Mco			 Rexp			  MHe_form			  AMfinal_He_form			 R_He_form			  Omega_mean_He_form			  MHe_dep			  AMfinal_He_dep			 R_He_dep			  Omega_mean_He_dep			 Eacc
3.077e+01	9.994e-01	3.095e+52	65.07711887402603	450/LOGS/profile68	15.494617081662843	4.840e-01	58.61069179819938	0.9887616346302069	68.9203335456031	6.658e+52	2.8519337078162086	0.00017442878624611294	65.55976844886166	3.753e+52	2.5763542483109445	0.00021584820453195556	7.756e+54
6.526e+01	7.185e-01	3.156e+52	66.88927006025544	451/LOGS/profile66	68.10735333538291	3.228e-02	60.45781950834713	1.115487127446398	70.92435718139036	6.914e+52	2.901421718582189	0.00017075226204910006	67.3727282002328	3.817e+52	2.62190991404193	0.0002106264532276126	2.044e+53
3.218e+01	9.994e-01	3.341e+52	68.81686447091339	452/LOGS/profile64	15.758650990036125	4.352e-01	62.75422363581049	1.1307308585230758	72.89783109450165	7.132e+52	2.923087142217166	0.0001671367295968452	69.25716393329493	3.966e+52	2.6454886267946214	0.00020713161242456074	8.124e+54
6.903e+01	6.953e-01	3.400e+52	70.64005894534246	453/LOGS/profile62	70.60494301911181	2.483e-02	63.78440654319865	1.3755488738980879	74.91318536089182	7.416e+52	2.9948630502331337	0.00016426798993961062	71.09137557611551	4.040e+52	2.71187868784367	0.00019928858700711202	1.925e+53
7.098e+01	6.873e-01	3.514e+52	72.4991329638281	454/LOGS/profile65	67.56121751762628	3.454e-02	65.48529895406972	1.0870736328485473	76.90299258680152	7.651e+52	3.0323625813966855	0.00016076333001792625	72.93239159889946	4.134e+52	2.7482698359944537	0.00019367280654518924	1.897e+53
7.287e+01	6.677e-01	3.557e+52	74.27888305420763	455/LOGS/profile60	77.2710473678842	1.950e-02	67.26668303521147	1.6220735993464834	78.87681980378062	7.862e+52	3.0766590380533843	0.00015712289255317142	74.7275812844701	4.186e+52	2.7804275047462332	0.00018649727044614818	1.533e+53
3.888e+00	3.923e-01	4.472e+50	4.785825785270846	456/LOGS/profile8	102.15911587531889	9.053e-03	2.9284460273374844	1.5934259354128557	4.999525754637727	1.612e+51	1.8168210935444415	0.001047943712677215	4.98422955323866	1.560e+51	1.8168210935444415	0.0014637864743824228	8.326e+51
5.383e+00	4.221e-01	8.586e+50	6.699452406884846	457/LOGS/profile28	103.18258263892982	1.361e-02	4.043901989767621	1.7531829463767468	6.998913755459295	2.755e+51	1.999339412169038	0.0008732226981570942	6.963010819004165	2.610e+51	1.999339412169038	0.00121753380430052	1.290e+52
7.355e+00	5.014e-01	9.794e+50	8.523467273752582	458/LOGS/profile9	51.46617313319979	1.947e-02	6.2123445945279085	0.9823590647663512	8.99822546172822	4.067e+51	1.1400415030075615	0.0007215930463902156	8.935085597948328	3.782e+51	1.1400415030075615	0.0010533210758116014	1.458e+52
9.014e+00	6.284e-01	1.538e+51	10.420448585488186	459/LOGS/profile13	36.44276917078756	4.096e-02	7.982070751789565	0.7032684515146677	10.997635383700278	5.557e+51	1.0671772618967046	0.0006393048811898872	10.883558334805038	4.966e+51	0.9922788458633245	0.0009818203660957063	2.974e+52
1.064e+01	7.244e-01	2.271e+51	12.341159953267445	460/LOGS/profile7	30.712713395427237	6.598e-02	9.70006061034475	0.6407089498217527	12.996593811354812	7.123e+51	1.1697261943176818	0.0005749306327376124	12.835257346159153	6.242e+51	1.0947874519305028	0.000863137701000479	5.298e+52
1.162e+01	9.175e-01	3.292e+51	14.278332970034075	461/LOGS/profile100	19.04730666109559	9.094e-02	11.370721861944425	0.6112418887982859	14.99560046882794	8.777e+51	1.2590985644894934	0.0005234416281353739	14.792298005650606	7.611e+51	1.1778768983908825	0.0007838015705958167	2.239e+53
1.389e+01	7.886e-01	3.896e+51	16.165244522789205	462/LOGS/profile97	30.42430331663846	8.719e-02	12.5410647947473	0.7220687629717244	16.993177836381218	1.056e+52	1.353119488774164	0.00048616940710972007	16.728753600003547	8.953e+51	1.2602182109751037	0.0007389815480263299	1.047e+53
7.214e+00	9.994e-01	4.981e+51	18.095920127916347	463/LOGS/profile6	7.006818470513467	3.948e-01	14.811473921136415	0.4960127816174563	18.992541887211516	1.244e+52	1.4290281241094185	0.00045302541613772716	18.629766138398658	1.011e+52	1.3154261183915072	0.0007077363777825599	1.619e+54
7.860e+00	9.994e-01	5.893e+51	19.985508757368805	464/LOGS/profile7	7.721087436610944	3.708e-01	16.949471637315405	0.5616335658373025	20.990601225725936	1.448e+52	1.4932769739349188	0.0004287075767781786	20.547673282601657	1.153e+52	1.381375251465077	0.0006641402748563912	1.786e+54
8.625e+00	9.994e-01	6.830e+51	21.88700429443428	465/LOGS/profile98	8.049313796389878	3.454e-01	18.438675455618228	0.6526429638399115	22.989607814936576	1.655e+52	1.5865053970325573	0.00040520026906753104	22.468995984551192	1.291e+52	1.4552371699756015	0.0006165352981812208	1.986e+54
9.597e+00	9.994e-01	7.789e+51	23.76919167279437	466/LOGS/profile88	8.55819851426705	3.719e-01	20.74761123164547	0.656971191644172	24.987749172512498	1.876e+52	1.6528932254552842	0.0003870233249880707	24.367330270475193	1.426e+52	1.5108655298535365	0.0005838509332474063	2.239e+54
1.055e+01	9.994e-01	8.803e+51	25.660884959937736	467/LOGS/profile96	9.017090006837543	4.122e-01	22.53634133288125	0.647927547911622	26.98567471248464	2.096e+52	1.7169609775392614	0.0003690037736398825	26.283613511426	1.577e+52	1.5760220613469995	0.0005520652419565546	2.487e+54
1.133e+01	9.994e-01	9.814e+51	27.561064135731893	468/LOGS/profile85	9.360069112572488	3.784e-01	24.388225110429588	0.7300171702839214	28.983458478942584	2.300e+52	1.7868056654320514	0.00034968389207084747	28.183776299488073	1.696e+52	1.6320647937074146	0.0005192727194224647	2.690e+54
1.264e+01	9.994e-01	1.087e+52	29.420336155430064	469/LOGS/profile88	9.749845218206485	4.971e-01	26.46608946059321	0.6089246001888813	30.981898277716173	2.547e+52	1.8325090044308512	0.00033773881745931337	30.071029295141784	1.845e+52	1.6738684454592556	0.0005113509937362627	3.033e+54
1.354e+01	9.994e-01	1.198e+52	31.32343952647412	470/LOGS/profile96	10.129888884596951	4.986e-01	28.327669018748388	0.6526977842473972	32.979228594208514	2.760e+52	1.8970738601613228	0.0003221724021918878	31.969481436874112	1.972e+52	1.7268414410190445	0.00048420424911660523	3.267e+54
1.457e+01	9.994e-01	1.304e+52	33.20326873683865	471/LOGS/profile95	10.511083345873224	5.312e-01	30.279531316114607	0.6465728258350282	34.977361457116416	2.987e+52	1.9567432825024471	0.00030912367231124613	33.859184505792754	2.102e+52	1.7762663307473636	0.000458069875722664	3.536e+54
1.525e+01	9.994e-01	1.423e+52	35.114038058813485	472/LOGS/profile84	10.830982289300039	4.782e-01	31.619345430928767	0.7562808925229844	36.97245913841716	3.219e+52	2.031311986564922	0.00029753953573825496	35.75832143716342	2.234e+52	1.849306857441688	0.0004286164465571364	3.711e+54
1.609e+01	9.994e-01	1.537e+52	36.9785364945622	473/LOGS/profile95	11.174533216205155	4.592e-01	33.44872190172757	0.8122122433585124	38.97232688115878	3.458e+52	2.0712800435165044	0.00028705013128064175	37.626799597273774	2.360e+52	1.8763106915864567	0.00042197164583227746	3.932e+54
1.706e+01	9.994e-01	1.661e+52	38.85256537470599	474/LOGS/profile97	11.507763970937978	4.770e-01	34.444170794265574	0.8255208169906785	40.96800018621722	3.716e+52	2.127428904192539	0.00027867286117147196	39.498684380850726	2.496e+52	1.918853845282732	0.00040395401763901307	4.184e+54
1.774e+01	9.994e-01	1.768e+52	40.74231450782655	475/LOGS/profile79	11.810590603440906	4.314e-01	36.736579454979314	0.9295845119291068	42.966475646743795	3.956e+52	2.197345486362141	0.00026926421695214577	41.39162331106155	2.624e+52	1.9993086090340353	0.0003744233216576934	4.362e+54
1.927e+01	9.994e-01	1.875e+52	42.59666041406109	476/LOGS/profile87	12.102590034190017	5.674e-01	38.13397340372117	0.7566342324277091	44.965533033511505	4.201e+52	2.237293107920535	0.00026072460642523776	43.2518589819283	2.745e+52	2.024418590270448	0.000365085887196192	4.760e+54
2.028e+01	9.994e-01	1.977e+52	44.45411280906593	477/LOGS/profile85	12.463707719229399	5.797e-01	40.35318976848359	0.7507126766459422	46.96000555524292	4.459e+52	2.291657876387294	0.00025344214956770695	45.11674758112028	2.868e+52	2.0802799472241866	0.0003562459440329348	5.024e+54
2.108e+01	9.994e-01	2.114e+52	46.339150566020095	478/LOGS/profile81	12.72277320466793	5.620e-01	41.76448963816261	0.8171805289113014	48.95522575835345	4.709e+52	2.342377035365758	0.0002459774041562745	46.98509656612754	2.993e+52	2.121961075345724	0.0003414227798251162	5.233e+54
2.132e+01	9.994e-01	2.226e+52	48.238428218282614	479/LOGS/profile76	13.046081422231946	4.287e-01	44.076215656684454	1.0509756597228903	50.95498222351205	4.951e+52	2.418744576208476	0.00023855095214242566	48.86411805184199	3.096e+52	2.2073657644866214	0.00031717957567858424	5.293e+54
2.263e+01	9.994e-01	2.360e+52	50.08927303358185	480/LOGS/profile83	13.345942044869409	4.872e-01	45.36785632997203	0.9769154291513541	52.95066415769053	5.200e+52	2.442086622651001	0.00023162576984200208	50.70591504821304	3.219e+52	2.2047249234770168	0.0003134643813689324	5.634e+54
2.367e+01	9.994e-01	2.452e+52	51.94670809717946	481/LOGS/profile79	13.574651921980127	4.891e-01	46.76727615618708	0.9767408134429939	54.94509708196747	5.491e+52	2.5131361763950633	0.00022703502968541108	52.57314620348192	3.341e+52	2.2893934983025033	0.0003017977717413666	5.906e+54
2.434e+01	9.994e-01	2.558e+52	53.81337936086307	482/LOGS/profile82	13.874815070287015	4.617e-01	49.36966953895219	1.0437675469238485	56.94828441290082	5.735e+52	2.582609626962892	0.00022060213997186247	54.4217743435339	3.422e+52	2.351235442650812	0.0002847458018323016	6.081e+54
2.570e+01	9.994e-01	2.687e+52	55.65821941318174	483/LOGS/profile81	14.13574282453489	5.045e-01	50.56816494514861	0.9883638725374113	58.9420541466265	5.988e+52	2.5893853657675927	0.00021476503649711095	56.27256373023572	3.567e+52	2.349005503199857	0.0002787246794410005	6.437e+54
2.649e+01	9.994e-01	2.805e+52	57.524748877903775	484/LOGS/profile78	14.393731204556182	5.030e-01	51.88207460264348	1.0209412870400072	60.93395225650414	6.251e+52	2.647701970727899	0.00020989550825814207	58.12745733767571	3.673e+52	2.408389767892816	0.00026814020361162576	6.643e+54
2.733e+01	9.994e-01	2.892e+52	59.359536650019024	485/LOGS/profile76	14.682665340232123	4.810e-01	53.49178222935139	1.054750599420802	62.928047931201746	6.514e+52	2.722803063252023	0.00020501332563261623	59.93897847376047	3.725e+52	2.4613649335122534	0.00026047602093097125	6.861e+54
2.887e+01	9.994e-01	3.033e+52	61.2002090887105	486/LOGS/profile76	14.941407832666743	5.657e-01	55.61023099059083	0.9475260101336945	64.9177582156511	6.795e+52	2.724511504546052	0.00020089148496757605	61.807100695708456	3.917e+52	2.4704868378914995	0.00025620924998594164	7.260e+54
2.927e+01	9.994e-01	3.114e+52	63.07483765871839	487/LOGS/profile74	15.250558191370871	4.695e-01	57.1924449956339	1.09289542528555	66.91690836656585	7.046e+52	2.812732938250795	0.00019582006855896732	63.645306810531	3.954e+52	2.553830924529241	0.00024156252078456628	7.365e+54
3.022e+01	9.994e-01	3.215e+52	64.90545845811931	488/LOGS/profile74	15.480481483502599	4.623e-01	58.99884530502936	1.1192227982915648	68.91343159481933	7.299e+52	2.8582498099354634	0.00019119416711005577	65.453352908798	4.021e+52	2.5806755681235773	0.000236881380217727	7.615e+54
3.058e+01	9.994e-01	3.305e+52	66.73334888315554	489/LOGS/profile83	15.719465783693636	3.927e-01	60.935468006337366	1.2797967112375934	70.9240818018902	7.587e+52	2.9078653476992375	0.00018734987551656787	67.29101853235446	4.121e+52	2.630685387250143	0.0002266891423779197	7.705e+54
3.260e+01	9.994e-01	3.415e+52	68.58375897233863	490/LOGS/profile74	15.979530528397985	5.227e-01	61.729478167506436	1.0123588832899908	72.91191372061058	7.839e+52	2.937834583313888	0.0001833574168379125	69.1450651009604	4.245e+52	2.6622896671993446	0.00022173957380879997	8.232e+54
3.390e+01	9.994e-01	3.552e+52	70.39292026357364	491/LOGS/profile75	16.157948380094453	5.924e-01	64.35832412774064	0.9478582194278125	74.9045324968883	8.130e+52	2.949537641507605	0.00018017856567803593	70.98390371614956	4.409e+52	2.6828350251905304	0.00022040766222541417	8.574e+54
7.059e+01	7.050e-01	3.595e+52	72.23178950806658	492/LOGS/profile65	68.90636320507099	3.547e-02	66.06893088887361	1.1422735278011327	76.91026539031846	8.403e+52	3.045307668341446	0.00017650091024323014	72.77396592504034	4.396e+52	2.7594446619290967	0.0002076634495805008	2.075e+53
3.521e+01	9.994e-01	3.771e+52	74.09688922169478	493/LOGS/profile79	16.64333296420347	4.582e-01	67.22840599886918	1.1737542640120853	78.88932749227098	8.640e+52	3.029419383216003	0.0001724186704529104	74.64491699348062	4.591e+52	2.755014729002714	0.0002050231170169907	8.914e+54
4.030e+00	4.032e-01	3.525e+50	4.7402456416021295	494/LOGS/profile22	72.01593193005397	8.028e-03	3.111040010798754	1.2130273157918514	4.9995250892233125	1.734e+51	1.3822568639379829	0.00112304293691581	4.978135802134204	1.645e+51	1.3822568639379829	0.0016830821324610482	7.208e+51
5.540e+00	4.268e-01	7.283e+50	6.642053376445501	495/LOGS/profile78	82.5001467050825	1.547e-02	4.318845494500548	1.1985544057852986	6.998913626997148	2.974e+51	1.525944391611476	0.0009112147324861687	6.961642940464155	2.806e+51	1.525944391611476	0.0013062528985171792	1.169e+52
7.279e+00	4.793e-01	1.007e+51	8.498302517969591	496/LOGS/profile90	59.96422535228155	1.913e-02	5.9256935006560765	1.0239139202981054	8.99821667606529	4.397e+51	1.1960768270322009	0.000778808951635176	8.931880945321693	4.063e+51	1.1960768270322009	0.0011249538144917596	1.465e+52
8.989e+00	6.116e-01	1.495e+51	10.376195730704405	497/LOGS/profile81	38.67546965024994	3.272e-02	7.982169991371981	0.8049593759367574	10.997626767960124	6.016e+51	1.0747326525107008	0.0006907674524825579	10.864030787408119	5.221e+51	1.012699665472411	0.0011147349875033487	2.748e+52
1.029e+01	8.601e-01	2.424e+51	12.295884982047653	498/LOGS/profile48	20.939022673026432	7.532e-02	9.754488780882404	0.6332924288400956	12.996578713343684	7.718e+51	1.1833709995777444	0.001014810237769072	12.834369593460991	6.732e+51	1.1191093952412294	0.001014810237769072	1.110e+53
1.198e+01	8.619e-01	3.236e+51	14.220500746476054	499/LOGS/profile98	22.78651298471587	9.387e-02	11.373048658990795	0.6140266985181452	14.995579807044065	9.518e+51	1.274866749125338	0.0005668473875076256	14.769677838836833	8.058e+51	1.1956942576911553	0.0008703589491929807	1.228e+53
1.280e+01	9.513e-01	4.104e+51	16.118074685031267	500/LOGS/profile94	18.37677434753165	1.112e-01	13.05027049906083	0.5724630128164093	16.99406749475742	1.146e+52	1.3594776605987515	0.0005255276730366151	16.685682161608742	9.367e+51	1.2721950927371595	0.0008014223123684381	3.672e+53
7.158e+00	9.994e-01	4.932e+51	17.99971077748611	501/LOGS/profile97	7.094077960646162	3.913e-01	15.094768082850651	0.46858526144013346	18.99284072608749	1.351e+52	1.4364385417185466	0.000491297917120505	18.6114952409998	1.081e+52	1.3443213739849686	0.0007482560837074308	1.605e+54
7.824e+00	9.994e-01	5.852e+51	19.894575835981133	502/LOGS/profile100	7.646534893545921	3.563e-01	16.95920898340033	0.5745744247813329	20.990675554605325	1.573e+52	1.5212472749480443	0.000465172145139646	20.526525698056677	1.229e+52	1.4105915744186754	0.0007063194851845315	1.778e+54
8.335e+00	9.994e-01	6.779e+51	21.77118877305601	503/LOGS/profile82	8.181414348061475	2.967e-01	19.002028622033265	0.7408106200280133	22.989294646876196	1.798e+52	1.5866832594267737	0.00044021538041592894	22.43656538669501	1.376e+52	1.4765645045057028	0.0006623191825682138	1.911e+54
9.818e+00	9.994e-01	7.718e+51	23.65370672336064	504/LOGS/profile95	8.494668497476805	4.345e-01	20.758662962575606	0.5626980815381701	24.986658514814874	2.039e+52	1.6661425199112505	0.00042026887158585184	24.356087875589115	1.537e+52	1.5579259625299129	0.0006049803048789573	2.296e+54
1.080e+01	9.994e-01	8.653e+51	25.51557887536211	505/LOGS/profile90	9.002155355471434	4.981e-01	22.513905311533264	0.5239168863156849	26.985923403573032	2.279e+52	1.7287028085273126	0.00040072261094822387	26.24325123521537	1.675e+52	1.603824653747571	0.0005912023965615201	2.553e+54
1.163e+01	9.994e-01	9.792e+51	27.422641239583122	506/LOGS/profile87	9.390142016924472	4.823e-01	24.65303387612432	0.5941978425885389	28.983504954010616	2.501e+52	1.78577916365135	0.0003798279822667719	28.140191005246734	1.808e+52	1.6381940322534132	0.0005586799333937916	2.770e+54
1.216e+01	9.994e-01	1.081e+52	29.290483349687623	507/LOGS/profile83	9.723092625562385	3.894e-01	26.239968374932793	0.752041901108596	30.98114604767053	2.770e+52	1.8594356507291325	0.0003668312215191476	30.034101861172413	1.964e+52	1.714328770160987	0.0005350687329127131	2.908e+54
1.363e+01	9.994e-01	1.188e+52	31.16255433323457	508/LOGS/profile89	10.135728596629365	5.465e-01	28.386269334227446	0.5940025244289747	32.97874648438402	3.003e+52	1.9108141081515695	0.0003500421366329025	31.915156692648573	2.091e+52	1.7438012470797812	0.000515559503090021	3.291e+54
1.457e+01	9.994e-01	1.298e+52	33.04356179326955	509/LOGS/profile91	10.494655431098801	5.488e-01	30.242534390472017	0.6213883885554666	34.97649680339456	3.251e+52	1.9707836402228491	0.0003360451115839148	33.801609687386176	2.228e+52	1.7979288088297496	0.0004902300607290673	3.535e+54
1.489e+01	9.994e-01	1.418e+52	34.934988999327516	510/LOGS/profile87	10.825205482872738	4.123e-01	31.18483722786805	0.8537374284690782	36.97511758361591	3.506e+52	2.0284828486967186	0.0003235147901667536	35.68823671321832	2.370e+52	1.853903797559787	0.0004657045278352963	3.619e+54
1.633e+01	9.994e-01	1.525e+52	36.81471484516489	511/LOGS/profile87	11.081654197138795	5.425e-01	33.42543330891169	0.6991232897177172	38.971411544388204	3.764e+52	2.0978268640755164	0.0003122041838971445	37.574153879026156	2.507e+52	1.91197187854376	0.0004375479534237518	3.994e+54
1.708e+01	9.994e-01	1.649e+52	38.67002676460928	512/LOGS/profile86	11.47901063681821	4.991e-01	34.73020153763534	0.787559005855567	40.96702851673693	4.046e+52	2.1423980856259663	0.0003031108186621445	39.43536954406413	2.651e+52	1.9510713562325122	0.0004266661819591779	4.189e+54
1.755e+01	9.994e-01	1.761e+52	40.567621289756865	513/LOGS/profile78	11.7563382229096	4.239e-01	36.36242763037416	0.9328401933277825	42.961074106879224	4.304e+52	2.212938834446534	0.000292859853792018	41.33006403792939	2.789e+52	2.030790913758128	0.00040375855405437594	4.312e+54
1.921e+01	9.994e-01	1.878e+52	42.41167929494542	514/LOGS/profile88	12.05905021180792	5.880e-01	38.148262252769264	0.7351622024730117	44.9609906938979	4.572e+52	2.249027233160127	0.0002835787788280153	43.17779182435073	2.914e+52	2.039824153201424	0.00039017938972633664	4.744e+54
2.013e+01	9.994e-01	1.993e+52	44.27208417819951	515/LOGS/profile87	12.397436117304597	5.859e-01	39.600324344694044	0.7634182861242929	46.96225422305285	4.859e+52	2.304086451072001	0.00027588211542766366	45.043418047538026	3.052e+52	2.0918716173348377	0.0003721372421006821	4.985e+54
2.097e+01	9.994e-01	2.103e+52	46.16060780283577	516/LOGS/profile80	12.649646615078234	5.635e-01	41.903560092265245	0.8161795635800105	48.95217749092646	5.128e+52	2.386813988663086	0.0002677937299359021	46.91661731486102	3.162e+52	2.1823304179656184	0.00035616144572848854	5.203e+54
2.177e+01	9.994e-01	2.229e+52	48.00764792829003	517/LOGS/profile96	12.974850704063877	5.186e-01	43.357806370143216	0.8974951524860141	50.95631721714469	5.397e+52	2.4088020867123907	0.0002595492048582809	48.76295039988551	3.294e+52	2.187368296944118	0.00034847775342962785	5.411e+54
2.271e+01	9.994e-01	2.347e+52	49.8688718266271	518/LOGS/profile87	13.268329742608728	5.228e-01	44.675493009848985	0.9183861278342684	52.95320855790637	5.670e+52	2.4572165747033377	0.0002524484430471293	50.62384031531194	3.423e+52	2.2341125795217707	0.00033203917229195654	5.657e+54
2.315e+01	9.994e-01	2.480e+52	51.73477023385286	519/LOGS/profile77	13.579770783160239	4.334e-01	47.32329455594882	1.0916174498906823	54.950213745024826	5.990e+52	2.5207376981558656	0.00024745946952071354	52.46755419381711	3.542e+52	2.288231854426104	0.0003228210474771901	5.772e+54
2.468e+01	9.994e-01	2.595e+52	53.58153820605053	520/LOGS/profile82	13.860716272670784	5.387e-01	48.051610457130785	0.9393954581739552	56.945418532782014	6.249e+52	2.5518198877340854	0.00024015225878624868	54.323158253960884	3.676e+52	2.3178519635145474	0.00031599084244920083	6.171e+54
2.561e+01	9.994e-01	2.667e+52	55.407298054926244	521/LOGS/profile95	14.080656235350396	5.173e-01	50.32305806782648	0.9628154856390255	58.9448390579981	6.531e+52	2.603607362756827	0.00023416625399996327	56.16184094219301	3.769e+52	2.3909249154744217	0.0002963604763091645	6.411e+54
2.683e+01	9.994e-01	2.789e+52	57.28791931874061	522/LOGS/profile86	14.287304148444814	5.857e-01	51.399911761802024	0.8865581613208174	60.93372368699532	6.816e+52	2.6748876689924983	0.000228674649389898	58.021255599176634	3.876e+52	2.442064215107984	0.00028563369179153127	6.732e+54
2.723e+01	9.994e-01	2.942e+52	59.15049499709405	523/LOGS/profile79	14.667432701255482	5.100e-01	53.18363977908515	1.0441233566050971	62.92426692742204	7.100e+52	2.7155908864195206	0.00022301494260959558	59.85169754490142	3.991e+52	2.4684809415539624	0.00027613077271447674	6.836e+54
2.816e+01	9.994e-01	3.079e+52	60.9826294446743	524/LOGS/profile78	14.907469784159177	4.917e-01	55.545841093180655	1.1036373867786915	64.931890463521	7.423e+52	2.740456770523703	0.00021903647464123886	61.68594465256413	4.138e+52	2.486364322230706	0.0002761620008164533	7.078e+54
2.926e+01	9.994e-01	3.157e+52	62.82497459789854	525/LOGS/profile82	15.130560304518912	5.070e-01	56.98558907507171	1.0636594704232218	66.9302883930254	7.698e+52	2.787866377710296	0.0002136582134574493	63.54181312339878	4.249e+52	2.550938772244585	0.00026260285630197287	7.364e+54
3.015e+01	9.994e-01	3.272e+52	64.67657934745937	526/LOGS/profile78	15.441634998552889	4.989e-01	58.5530588205303	1.0940116817663912	68.9109490556946	7.959e+52	2.8443387351615153	0.00020834254594868684	65.36742495951728	4.324e+52	2.596116661637585	0.0002525076924231384	7.595e+54
3.143e+01	9.994e-01	3.368e+52	66.52008276122729	527/LOGS/profile75	15.626058582864642	5.530e-01	60.05910902924229	1.0009939385192803	70.92379306922722	8.276e+52	2.908139623829913	0.00020398725573459432	67.20346002802485	4.410e+52	2.6597621536837144	0.00024476202300123697	7.930e+54
3.245e+01	9.994e-01	3.512e+52	68.34232139077398	528/LOGS/profile83	15.90244313592051	5.585e-01	62.54889018648848	1.0313204137422496	72.89672046577901	8.537e+52	2.906249319400167	0.0001997869695298421	69.02688945572217	4.563e+52	2.653133333843047	0.00024359714174343109	8.196e+54
3.366e+01	9.994e-01	3.589e+52	70.16129120488314	529/LOGS/profile75	16.080448619027205	5.850e-01	63.719593460949135	0.9745696573019826	74.89880560642808	8.864e+52	2.9833505183209996	0.00019600566175401125	70.84884795683286	4.635e+52	2.7195315309419517	0.00022917066563037238	8.509e+54
3.393e+01	9.994e-01	3.733e+52	72.00866678769512	530/LOGS/profile76	16.385413434672103	4.963e-01	64.86974413051374	1.1503710405684673	76.90987795247102	9.168e+52	3.0041251218400835	0.00019246289321761062	72.66799979517027	4.754e+52	2.7396209537544616	0.0002262726172257736	8.579e+54
3.448e+01	9.994e-01	3.842e+52	73.8577063684587	531/LOGS/profile83	16.604208991534403	4.360e-01	66.92912370405058	1.280717275748519	78.87519181150483	9.414e+52	3.0465527801997743	0.00018786472202275036	74.51178061367285	4.858e+52	2.791442984525508	0.0002196623823791575	8.725e+54
3.871e+00	3.913e-01	4.387e+50	4.748453216558708	532/LOGS/profile44	101.66126131492646	8.742e-03	2.9267125131455565	1.5848771729918891	4.99952416110029	1.844e+51	1.749978163779565	0.0014206798066642267	4.982691249526239	1.772e+51	1.749978163779565	0.0014206798066642267	8.079e+51
5.642e+00	4.362e-01	6.329e+50	6.590689725601236	533/LOGS/profile75	67.89537434847782	1.205e-02	4.562336440056016	1.0844559297253822	6.998913546691176	3.189e+51	1.2796836048613793	0.0009752066606696782	6.950485217698924	2.925e+51	1.2796836048613793	0.0013907414781662954	1.057e+52
7.306e+00	4.868e-01	9.658e+50	8.449733371657405	534/LOGS/profile86	55.901442460539	2.247e-02	6.159910070174413	0.8567167959400552	8.998211647721238	4.726e+51	1.1294483929090562	0.0008353328515243583	8.924429814186922	4.304e+51	1.1294483929090562	0.001184156623493577	1.412e+52
8.944e+00	5.855e-01	1.467e+51	10.333397969055467	535/LOGS/profile77	41.41683277776667	2.652e-02	7.841176740816256	0.9344865658792686	10.997619511982169	6.475e+51	1.0980059038812566	0.0007419531110139263	10.876155449100962	5.703e+51	1.095743426892135	0.0011032228312986647	2.510e+52
1.046e+01	8.038e-01	2.390e+51	12.260392118692666	536/LOGS/profile4	25.335727431816473	6.780e-02	9.714256763475365	0.65131802049759	12.99656571146616	8.316e+51	1.1996662751401734	0.0006688050748987643	12.819531951200624	7.119e+51	1.1545124544859404	0.0009735192879758681	6.969e+52
1.218e+01	7.225e-01	2.907e+51	14.137628038635812	537/LOGS/profile87	35.410540877738775	5.856e-02	10.812963857005176	0.7937551949023688	14.995555563424388	1.026e+52	1.2898704122430422	0.0006100823404426547	14.76301721549156	8.614e+51	1.229116851404856	0.0008861276996728119	6.423e+52
1.330e+01	9.089e-01	3.990e+51	16.03273476486641	538/LOGS/profile93	21.200747329477604	1.261e-01	12.845398991419554	0.5068529197419012	16.994027919973366	1.237e+52	1.3763960105401758	0.00056621937276593	16.653951653031143	9.802e+51	1.2840794530966744	0.0008591116735525634	2.370e+53
6.957e+00	9.994e-01	4.929e+51	17.923423796270498	539/LOGS/profile94	7.128008471102738	3.277e-01	15.270878792547645	0.5643981163351363	18.9925706824692	1.458e+52	1.4601103047629476	0.0005299601790720161	18.581686756938005	1.136e+52	1.3695333710445017	0.0007782699331004276	1.552e+54
7.764e+00	9.994e-01	5.798e+51	19.791366445816426	540/LOGS/profile5	7.64198791769629	3.485e-01	16.828812725568845	0.5815824979366762	20.99055279756965	1.699e+52	1.5385902741443305	0.0005011515285819755	20.47788970558564	1.279e+52	1.4235616038868248	0.0007425560774847013	1.761e+54
8.569e+00	9.994e-01	6.737e+51	21.672688127040644	541/LOGS/profile4	8.143815121885028	3.641e-01	18.84755567590451	0.6106456129593144	22.98859172910164	1.942e+52	1.608965523477412	0.0004747217399614107	22.396250970470916	1.444e+52	1.4972941829451931	0.000691501546476898	1.971e+54
9.436e+00	9.994e-01	7.678e+51	23.532983528372572	542/LOGS/profile82	8.578244276100342	3.565e-01	20.70839066464764	0.758023455263901	24.987689465756464	2.205e+52	1.6837125780961217	0.0004533305765861593	24.285650177275567	1.591e+52	1.5567367691482537	0.0006711012863204013	2.197e+54
1.065e+01	9.994e-01	8.661e+51	25.417738510592226	543/LOGS/profile88	8.877866105935965	4.610e-01	22.484762168985988	0.5717123526620709	26.98544606571039	2.465e+52	1.7594865719806274	0.0004327811246505645	26.186125656442552	1.744e+52	1.6155885159138925	0.0006176503134211434	2.515e+54
1.125e+01	9.994e-01	9.695e+51	27.313082081920573	544/LOGS/profile97	9.308387902256221	4.038e-01	24.106494220542608	0.6993094986539644	28.983185012097465	2.706e+52	1.822116611612183	0.0004103944395038313	28.10468538374095	1.907e+52	1.6895770258000387	0.0005890094347465396	2.670e+54
1.251e+01	9.994e-01	1.071e+52	29.15558147823975	545/LOGS/profile85	9.675915787941527	5.006e-01	26.013352618038002	0.6020690783333666	30.98077419880317	2.998e+52	1.8829877129648318	0.0003964373029615469	29.98140732281182	2.064e+52	1.7414827333091756	0.0005583720118896975	2.998e+54
1.352e+01	9.994e-01	1.178e+52	31.025117116628557	546/LOGS/profile89	10.092857469049587	5.361e-01	27.726568665370213	0.5979962400876621	32.97684472049035	3.249e+52	1.9379008680535366	0.00037831432391413123	31.858349166882682	2.194e+52	1.778468978034365	0.0005323527216744257	3.263e+54
1.425e+01	9.994e-01	1.295e+52	32.893632445765974	547/LOGS/profile89	10.464848841953218	4.809e-01	29.929971960816733	0.6966338807124274	34.976103227007265	3.520e+52	1.9857308361055592	0.00036342932402633573	33.73335049060104	2.338e+52	1.8214272788054295	0.0005153583460829154	3.453e+54
1.486e+01	9.994e-01	1.407e+52	34.753662406139306	548/LOGS/profile87	10.798413271738353	4.078e-01	31.630202440128194	0.9016375707522187	36.97390404266562	3.796e+52	2.048909256715723	0.00035002714218832707	35.60258992772736	2.473e+52	1.868397035246141	0.0004926322634035226	3.611e+54
1.576e+01	9.994e-01	1.535e+52	36.647945115986644	549/LOGS/profile86	11.148996783334459	4.235e-01	32.905727747093266	0.878464809710363	38.969276801188656	4.076e+52	2.100075156092645	0.0003377155760115874	37.49175376564917	2.635e+52	1.9082782987078386	0.0004741118143291752	3.845e+54
1.671e+01	9.994e-01	1.650e+52	38.50477494110858	550/LOGS/profile88	11.430191001734366	4.351e-01	34.40325852077237	0.8747803380881181	40.965316993611886	4.382e+52	2.15816644591559	0.0003280036803951328	39.36373625019234	2.792e+52	1.9673566476493247	0.0004443822033469473	4.094e+54
1.774e+01	9.994e-01	1.758e+52	40.36351527636125	551/LOGS/profile84	11.759231868266781	4.517e-01	36.34044351421653	0.8487236859485968	42.96685903746567	4.669e+52	2.21582871778888	0.0003170990079619368	41.22275199603915	2.917e+52	2.0148314523183886	0.0004291893626974199	4.361e+54
1.901e+01	9.994e-01	1.872e+52	42.235228806210735	552/LOGS/profile90	12.05200037723406	5.539e-01	37.76914989722077	0.7759872630708508	44.96318992072385	4.957e+52	2.2769015237404284	0.00030712640171508694	43.09499181556251	3.055e+52	2.0714493185078995	0.0004153962679056312	4.693e+54
2.003e+01	9.994e-01	2.004e+52	44.085921576702034	553/LOGS/profile85	12.379169745203486	5.900e-01	40.01601014536914	0.7690316737493004	46.96168534268046	5.267e+52	2.314001654731179	0.00029857168596695877	44.95617759413084	3.216e+52	2.106478241847007	0.0003969387613724208	4.956e+54
2.034e+01	9.994e-01	2.108e+52	45.94280257264701	554/LOGS/profile84	12.632397229070992	4.393e-01	41.84959534537576	0.9884646905930897	48.951130144407635	5.559e+52	2.3809091109131235	0.00028986176656512614	46.80526961795269	3.328e+52	2.161749235391936	0.0003800764607588874	5.040e+54
2.165e+01	9.994e-01	2.233e+52	47.80317720161857	555/LOGS/profile100	12.934590481498823	5.343e-01	43.640838428650014	0.8860515501683521	50.949949990384816	5.847e+52	2.4236183385551704	0.00028126848442967106	48.66990108399661	3.471e+52	2.204465511109662	0.0003655425465193375	5.380e+54
2.252e+01	9.994e-01	2.361e+52	49.68228039386248	556/LOGS/profile84	13.261243023977142	5.312e-01	44.76531082912967	0.9245885238869487	52.949370610201065	6.145e+52	2.480378936618588	0.0002734773128430211	50.5311709232709	3.596e+52	2.2627362264027435	0.000350207590934038	5.607e+54
2.338e+01	9.994e-01	2.465e+52	51.48566910579822	557/LOGS/profile96	13.502584181730175	4.992e-01	46.49115613786661	0.9812307594192354	54.936426216667996	6.484e+52	2.5217191399743877	0.0002677647805889673	52.35114251723208	3.732e+52	2.303014017422877	0.0003409927143174201	5.830e+54
2.449e+01	9.994e-01	2.584e+52	53.358220585294454	558/LOGS/profile93	13.765869894208189	5.348e-01	48.419990196193105	0.9493527557776898	56.93947310690156	6.773e+52	2.5783592218905134	0.0002602489890594894	54.207438717150204	3.843e+52	2.3504515394771737	0.0003281811557991985	6.121e+54
2.530e+01	9.994e-01	2.704e+52	55.23535436658294	559/LOGS/profile83	14.03441919537724	5.201e-01	50.75496621750222	0.9988229379365189	58.93835369576835	7.079e+52	2.6413118496723937	0.0002534911375060047	56.06728675169373	3.960e+52	2.411807511538826	0.00031363537935896876	6.333e+54
2.620e+01	9.994e-01	2.834e+52	57.08113844395547	560/LOGS/profile79	14.294552784222494	5.256e-01	52.353278930436204	1.0138003906687763	60.92116678273045	7.383e+52	2.687049918343051	0.00024718754009648804	57.90031969874281	4.079e+52	2.4546595568963565	0.00029957295834657	6.567e+54
2.719e+01	9.994e-01	2.966e+52	58.914517492862636	561/LOGS/profile79	14.574611451371188	5.335e-01	53.653553963887475	1.026441626859574	62.92705701295072	7.708e+52	2.7183193954449907	0.00024194119596818625	59.73700879878507	4.218e+52	2.483306239667544	0.00029229804034139887	6.823e+54
2.869e+01	9.994e-01	3.084e+52	60.730837488685616	562/LOGS/profile83	14.812417946101569	6.028e-01	54.726049078324095	0.9291215734389521	64.93338209143919	8.058e+52	2.7478707533429705	0.00023752156648535743	61.56847317833136	4.371e+52	2.504382696802549	0.0002895994599323235	7.213e+54
2.918e+01	9.994e-01	3.234e+52	62.58865126335257	563/LOGS/profile80	15.134256194599997	5.413e-01	56.2909583543747	1.0588442571304828	66.92150702820523	8.346e+52	2.785673003241473	0.00023163113585501917	63.39628136427227	4.481e+52	2.533555182914375	0.00028294445022881065	7.343e+54
3.038e+01	9.994e-01	3.323e+52	64.4270969928652	564/LOGS/profile91	15.324969563143084	5.816e-01	58.1492712608794	1.0032303590613147	68.91386393412175	8.643e+52	2.8359085314619024	0.00022597411486792126	65.24112404845184	4.589e+52	2.594535247491053	0.0002701793814911999	7.654e+54
3.109e+01	9.994e-01	3.475e+52	66.26657151211509	565/LOGS/profile79	15.63897570246791	5.361e-01	60.24005477466406	1.0995362863304474	70.90995824621831	8.969e+52	2.8703778885044193	0.00022162190323533944	67.05994289318382	4.713e+52	2.6228242008443923	0.00026504753352220924	7.840e+54
3.176e+01	9.994e-01	3.529e+52	68.10703371268127	566/LOGS/profile76	15.775835122390713	5.036e-01	62.155346311562845	1.138607521585923	72.89603072901348	9.267e+52	2.952510040600922	0.0002167036688318815	68.87768097673425	4.749e+52	2.6964051426800126	0.0002518607657564707	8.014e+54
3.369e+01	9.994e-01	3.638e+52	69.89073231672533	567/LOGS/profile77	16.093206213791067	6.612e-01	63.11578642271572	0.9113380164692128	74.90365631996414	9.630e+52	2.9854349139229996	0.00021310747044275884	70.7001916995764	4.889e+52	2.729629774721983	0.00024358678010226025	8.518e+54
3.384e+01	9.994e-01	3.818e+52	71.75839896751043	568/LOGS/profile76	16.349883495521297	5.287e-01	65.46474383081012	1.1460855783206716	76.90947544686819	9.955e+52	3.0007841995973075	0.00020883231690471544	72.51874114159429	5.022e+52	2.7417819797888163	0.00024171534197254426	8.556e+54
3.475e+01	9.994e-01	3.901e+52	73.5870407223128	569/LOGS/profile75	16.516969823178147	5.098e-01	66.3758914987088	1.1729963709836346	78.86739354957655	1.021e+53	3.054124941647172	0.00020335142607435738	74.34290949469052	5.106e+52	2.803005954200174	0.00023147192808104663	8.796e+54
3.834e+00	3.983e-01	4.455e+50	4.735597953147276	570/LOGS/profile47	96.48430073369994	9.750e-03	2.8908096067253455	1.5605881877742738	4.999522886664953	1.955e+51	1.7458019018536546	0.0018535937472068682	4.970973322596813	1.801e+51	1.7458019018536546	0.0018535937472068682	8.339e+51
5.662e+00	4.606e-01	5.826e+50	6.545936681484863	571/LOGS/profile31	51.56075698299383	1.398e-02	4.680994081026065	0.8988273373790063	6.998906469917459	3.401e+51	1.0608641004617025	0.0012261954494960819	6.9387977969621515	3.027e+51	1.0608641004617025	0.0013878144717413804	1.057e+52
7.267e+00	4.882e-01	9.752e+50	8.422688743080286	572/LOGS/profile84	56.073137023572514	2.004e-02	6.109825777777433	0.9540902111888668	8.99820198872323	5.052e+51	1.1413625464528196	0.0008908865517814173	8.887843524359516	4.286e+51	1.1413625464528196	0.0012326227057773867	1.398e+52
8.889e+00	6.801e-01	1.566e+51	10.299698930086183	573/LOGS/profile7	31.45050980316821	4.418e-02	8.062316018544992	0.6761983406503996	10.997609649793418	6.933e+51	1.1157943681930436	0.00079256766946745	10.853498666995296	5.888e+51	1.0568941626603479	0.0010916270762183055	3.364e+52
1.034e+01	8.417e-01	2.407e+51	12.215016261660885	574/LOGS/profile3	22.358357698799544	7.105e-02	9.71547678289936	0.6317463158523414	12.996548455243955	8.914e+51	1.2174471888859675	0.0007155117329650021	12.73486074471842	6.792e+51	1.1097505943028654	0.0010641721280890218	8.871e+52
1.186e+01	8.656e-01	3.191e+51	14.102668810145634	575/LOGS/profile8	22.457126308847197	9.112e-02	11.245255387453847	0.6185471495576141	14.993745562568018	1.100e+52	1.3122724585658838	0.0006560658881453994	14.727113779099962	8.873e+51	1.2545404054163483	0.0009216549697434154	1.237e+53
1.247e+01	9.674e-01	4.022e+51	15.977282885788677	576/LOGS/profile13	17.27000464217466	1.277e-01	12.953791566955148	0.4948692143766632	16.992767510264517	1.328e+52	1.3968371281840848	0.0006086331049536856	16.662600125565568	1.055e+52	1.3365656916065813	0.0008671164551727297	4.407e+53
6.908e+00	9.994e-01	4.882e+51	17.833954618546738	577/LOGS/profile4	7.045652818594282	3.494e-01	14.519789156790967	0.5489596492859711	18.99192464978351	1.567e+52	1.4738204749849277	0.0005689523393488991	18.528402290824687	1.166e+52	1.3788724530436156	0.0008197047933577344	1.539e+54
7.595e+00	9.994e-01	5.751e+51	19.70372502477752	578/LOGS/profile87	7.604336431311248	3.357e-01	16.157175736167876	0.62520063398247	20.991044566684558	1.827e+52	1.5515741807996035	0.0005377598773152331	20.447160201433295	1.340e+52	1.4662261496564795	0.0007599384697555896	1.717e+54
8.661e+00	9.994e-01	6.665e+51	21.572261840549725	579/LOGS/profile91	8.121945343264018	3.941e-01	18.75764910759818	0.5606836991784909	22.98939255985936	2.090e+52	1.6309783674797544	0.0005098755486759707	22.33790010803462	1.484e+52	1.521023310828238	0.0007190370249759001	1.996e+54
9.436e+00	9.994e-01	7.649e+51	23.43889030282465	580/LOGS/profile83	8.53406944384574	3.701e-01	20.643379194590683	0.6498493613445512	24.987225704248615	2.373e+52	1.6984713383550636	0.00048719231624546277	24.242513142752905	1.663e+52	1.5720816080427382	0.0006768518525757989	2.198e+54
1.045e+01	9.994e-01	8.639e+51	25.284401650942225	581/LOGS/profile93	8.952859303115535	4.078e-01	22.533986275203272	0.6294815364962256	26.985714009021372	2.654e+52	1.769534421417979	0.000465203384626821	26.11131330442019	1.798e+52	1.625047028684754	0.0006464854382451528	2.463e+54
1.116e+01	9.994e-01	9.619e+51	27.157559872350443	582/LOGS/profile85	9.298692043405094	3.778e-01	24.24008437557373	0.7189429482799701	28.983699641500696	2.915e+52	1.8317019433638424	0.00044131709794883924	28.018368538131572	1.961e+52	1.6974849138294548	0.0006214533938231017	2.647e+54
1.228e+01	9.994e-01	1.074e+52	29.003592711797967	583/LOGS/profile99	9.728218212061922	4.348e-01	26.50972773981027	0.6756708460569297	30.981347919189513	3.231e+52	1.887324494732086	0.000426736719071339	29.881664484987418	2.119e+52	1.7259511443595608	0.0006011873362853578	2.939e+54
1.309e+01	9.994e-01	1.174e+52	30.887053276132537	584/LOGS/profile5	10.072926910478653	4.222e-01	27.91551295892514	0.7373120940430801	32.977317056757585	3.502e+52	1.9611689164865416	0.00040724504201444627	31.781773223893428	2.272e+52	1.8077856712329206	0.0005532987689429439	3.149e+54
1.397e+01	9.994e-01	1.300e+52	32.74724630873257	585/LOGS/profile87	10.46111251728929	4.278e-01	29.081059176675502	0.7774548234245211	34.97487796273023	3.794e+52	2.004472971587275	0.00039122229547550684	33.65050754562143	2.429e+52	1.8213765067537657	0.0005330006248089276	3.377e+54
1.516e+01	9.994e-01	1.391e+52	34.638397665586346	586/LOGS/profile89	10.743850935369407	5.235e-01	31.172804103794736	0.681529552477613	36.97407660176299	4.094e+52	2.0916776432156188	0.00037692530204510807	35.55030469375064	2.582e+52	1.9245115092098815	0.0004965533077572737	3.689e+54
1.606e+01	9.994e-01	1.514e+52	36.467321352857226	587/LOGS/profile87	11.114243036062877	5.045e-01	32.82479902599319	0.7353665912668644	38.97008954551065	4.397e+52	2.120895817916403	0.000363928025305454	37.39823659480667	2.729e+52	1.9405846095508887	0.00048416708571596734	3.922e+54
1.715e+01	9.994e-01	1.635e+52	38.321954319924174	588/LOGS/profile93	11.425630356938228	5.799e-01	34.61232933318276	0.6959900343861651	40.96701557155351	4.729e+52	2.1763672541692247	0.00035353046273481863	39.26731818694043	2.897e+52	1.9855328872409919	0.00046672834001227996	4.208e+54
1.772e+01	9.994e-01	1.734e+52	40.1900180676128	589/LOGS/profile89	11.710795631555028	4.837e-01	36.37211946139937	0.8296353495094971	42.96424935206983	5.036e+52	2.2493627142661285	0.0003418213293003144	41.136357008659786	3.029e+52	2.0690275036527206	0.00044036241237386875	4.355e+54
1.926e+01	9.994e-01	1.850e+52	42.00618636301003	590/LOGS/profile88	12.010153034757133	6.518e-01	37.864391581877996	0.6671937929936028	44.96325787273234	5.350e+52	2.2883328728445793	0.00033104110891840307	42.98317679741843	3.173e+52	2.090039710578084	0.00042928568053083726	4.756e+54
2.000e+01	9.994e-01	1.977e+52	43.87490188012322	591/LOGS/profile97	12.362555258041143	6.000e-01	39.66464079611666	0.7397379748501598	46.95708907822469	5.681e+52	2.3388407115188765	0.0003218355152694182	44.83893912275146	3.324e+52	2.138424070247459	0.00041533797326157967	4.952e+54
2.096e+01	9.994e-01	2.096e+52	45.72248037183405	592/LOGS/profile83	12.637216063541533	6.082e-01	41.32018782556713	0.7546877421728203	48.9521875248115	6.003e+52	2.3906789713732297	0.00031266320234394165	46.684284267891655	3.457e+52	2.179557859468605	0.0004030689676922847	5.202e+54
2.181e+01	9.994e-01	2.194e+52	47.608727908342715	593/LOGS/profile93	12.864286164940296	5.809e-01	43.71156899516641	0.7971637671975994	50.95356003530674	6.317e+52	2.4636139287264216	0.00030320944556885685	48.569920199726255	3.593e+52	2.2702633475435015	0.0003746807702056589	5.422e+54
2.224e+01	9.994e-01	2.315e+52	49.39272041910494	594/LOGS/profile88	13.199309760438481	4.521e-01	44.446171034379205	0.9687534501794614	52.948440692659254	6.636e+52	2.4925913321953184	0.0002949853075272711	50.36164947523247	3.693e+52	2.287122021812925	0.00037162843651256886	5.534e+54
2.346e+01	9.994e-01	2.471e+52	51.29141855508193	595/LOGS/profile90	13.486372258287341	5.383e-01	46.359155287811134	0.9340863719541431	54.93320437426198	7.000e+52	2.550307428517803	0.0002890574550505891	52.24097499579755	3.886e+52	2.3270070122125355	0.00035156107073792617	5.851e+54
2.386e+01	9.994e-01	2.620e+52	53.14458396292433	596/LOGS/profile81	13.736471108327338	4.608e-01	47.91669636092699	1.0874606317076894	56.93716190322259	7.315e+52	2.5730769573446413	0.000280525966279747	54.08369373626697	4.032e+52	2.3413964300526184	0.0003496717787923749	5.957e+54
2.526e+01	9.994e-01	2.709e+52	54.99263648182315	597/LOGS/profile98	13.99783184817962	5.336e-01	49.45452610293586	0.9812207798266593	58.929046695477325	7.640e+52	2.6483740155463305	0.0002737511385645025	55.91878008798979	4.123e+52	2.4122040097579744	0.00033340520359603066	6.320e+54
2.615e+01	9.994e-01	2.888e+52	56.83055366955534	598/LOGS/profile80	14.264878637179843	5.529e-01	51.647054562875226	1.007117201723549	60.93946243075591	7.999e+52	2.665724249764123	0.0002674120812941992	57.764641717743004	4.315e+52	2.4170904870418735	0.00032102844620530036	6.555e+54
2.717e+01	9.994e-01	2.985e+52	58.67386802372959	599/LOGS/profile82	14.578371446835227	5.568e-01	53.49506568323881	1.0072242491064187	62.92641436948549	8.330e+52	2.7276292252077767	0.00026120002420375397	59.58877647677351	4.399e+52	2.4840896566271313	0.0003088993444637682	6.818e+54
