Mbh		 abh		 AMexp		  Mexp		 filename		 tff			 Md			 Mco			 Rexp			  MHe_form			  AMfinal_He_form			 R_He_form		  Omega_mean_He_form		  MHe_dep		  AMfinal_He_dep		 R_He_dep		  Omega_mean_He_dep	 Omega_mean_exp	 Mc12_dep		 AM_c12_dep		 R_c12_dep		 Omega_c12_dep		 Eacc
4.101e+01	1.160e-01	3.084e+52	60.487535861628196	600/LOGS/profile80	14.81739714967991	1.095e+00	54.799173750868036	1.0322075759038534	64.93289402085601	8.710e+52	2.7753964898008205	0.0002565056943595324	61.412015077288615	4.525e+52	2.5395876842454257	0.000301375780553343	0.0013557524602391391	60.487535861628196	3.084e+52	1.0322075759038534	0.0013557524602391391	8.145e+52
4.183e+01	1.160e-01	3.219e+52	62.357098643339214	601/LOGS/profile80	15.046982757954632	1.106e+00	56.90236543838874	1.0672015373311954	66.92660417548433	9.029e+52	2.8300342455514658	0.00025004306869394173	63.25404736390983	4.634e+52	2.585568162276131	0.0002912169139923744	0.001315691983083515	62.357098643339214	3.219e+52	1.0672015373311954	0.001315691983083515	8.277e+52
4.323e+01	1.160e-01	3.354e+52	64.1823735354107	602/LOGS/profile84	15.277875235619089	1.132e+00	58.00030455250314	1.0720207959278063	68.90607013738321	9.335e+52	2.8558244168685154	0.00024390210979510256	65.07584931874902	4.771e+52	2.6032609782111082	0.00028629864530181284	0.0012965738074169778	64.1823735354107	3.354e+52	1.0720207959278063	0.0012965738074169778	8.504e+52
4.470e+01	1.159e-01	3.458e+52	66.00375480046426	603/LOGS/profile85	15.538815961341875	1.138e+00	60.282676543744955	1.0807180175285294	70.91977399671823	9.710e+52	2.8942492807518585	0.00023950184570541172	66.90182364183671	4.891e+52	2.6493988062780405	0.0002763737368037574	0.0012543762477574456	66.00375480046426	3.458e+52	1.0807180175285294	0.0012543762477574456	8.742e+52
4.585e+01	1.158e-01	3.578e+52	67.84444623549017	604/LOGS/profile81	15.734349586870108	1.131e+00	61.38448039996018	1.1157467062579205	72.89373735367731	1.002e+53	2.944257854168523	0.00023360466067101477	68.72354378463878	4.991e+52	2.700700307984965	0.00026635655083089975	0.0012187205934634491	67.84444623549017	3.578e+52	1.1157467062579205	0.0012187205934634491	8.923e+52
4.588e+01	1.156e-01	3.741e+52	69.66160987771032	605/LOGS/profile72	16.05408200514613	1.039e+00	63.62729023942643	1.3114053835053292	74.90372453521245	1.042e+53	2.9750884942670694	0.0002300409032940739	70.53677677406661	5.149e+52	2.7133624533650353	0.0002624287669455312	0.001209565693695881	69.66160987771032	3.741e+52	1.3114053835053292	0.001209565693695881	8.932e+52
6.766e+01	1.131e-01	3.833e+52	71.48135360727116	606/LOGS/profile81	16.223355211146092	9.159e-01	64.9613629111097	1.0288163662838117	76.90501869080701	1.076e+53	3.0172649436555354	0.0002252108411494842	72.34805781488481	5.231e+52	2.7637999604781607	0.00025046854428735445	0.00116649574356753	71.48135360727116	3.833e+52	1.0288163662838117	0.00116649574356753	1.236e+53
5.016e+01	1.157e-01	3.997e+52	73.3277221129792	607/LOGS/profile80	16.43495778463063	1.199e+00	66.39886981656525	1.1451518278832806	78.88678501230359	1.107e+53	3.0487333927969864	0.0002205688122584811	74.181327708188	5.382e+52	2.7867934320239813	0.00024595398225795264	0.0011551270044709487	73.3277221129792	3.997e+52	1.1451518278832806	0.0011551270044709487	9.615e+52
4.056e+00	2.513e-01	4.268e+50	4.715234811158932	608/LOGS/profile6	92.99628885137399	2.943e-02	2.9154796732238295	1.5355959771111916	4.999557117692086	2.061e+51	1.748008667755253	0.0013257031889595912	4.9581902516265615	1.814e+51	1.748008667755253	0.001674674557709742	0.0014457052116790884	4.715460020895353	4.286e+50	1.748008667755253	0.0005386775514341166	3.164e+51
5.824e+00	3.037e-01	6.369e+50	6.543397694836671	609/LOGS/profile71	66.49851167453502	4.021e-02	4.48921440160638	1.0938436687832231	6.998949049406877	3.608e+51	1.2701001328123138	0.0010975932598278589	6.909332385821624	2.989e+51	1.2701001328123138	0.001380472865334288	0.0009444092711263135	6.544155519661579	6.420e+50	1.2701001328123138	0.0007107925853024804	5.607e+51
7.451e+00	3.007e-01	1.071e+51	8.418794862410344	610/LOGS/profile75	83.61472011136371	5.536e-02	5.63308610765742	1.3036743368181132	8.99818898459145	5.375e+51	1.5316661679644141	0.0009457056315189974	8.84574846109481	4.213e+51	1.5316661679644141	0.0012236043072281228	0.0007903644677927941	8.418802980455988	1.071e+51	1.5316661679644141	0.0006256382257325459	7.568e+51
9.189e+00	4.044e-01	1.451e+51	10.255221195504443	611/LOGS/profile82	41.867234523972535	9.215e-02	7.78417555777045	0.7679739060582395	10.99759718275414	7.388e+51	1.1362020618821314	0.0008425014937841389	10.79248822963625	5.708e+51	1.0532397525045885	0.0010997168183432084	0.001463766070364136	10.255550653146685	1.454e+51	0.9518628699311051	0.001430214420703388	1.869e+52
1.073e+01	4.492e-01	2.166e+51	12.138535608181467	612/LOGS/profile92	32.711535296889515	1.507e-01	9.408008097198474	0.6326443625172392	12.996526944628055	9.514e+51	1.2404260370798328	0.0007618806265246744	12.683521543976527	6.772e+51	1.1002812430698508	0.0010686254075890631	0.0019029357455909003	12.140831062866829	2.180e+51	0.8586640773852526	0.0018132887637078714	3.742e+52
1.218e+01	4.669e-01	3.077e+51	14.033294618054082	613/LOGS/profile8	26.361353891799943	2.134e-01	11.042578680653767	0.606400052297767	14.993680768612242	1.176e+52	1.3329520656515672	0.0006994052016133035	14.672821285285476	8.893e+51	1.2519910153303404	0.0009339172340531785	0.002318636278222375	14.034370989704357	3.085e+51	0.8880829459626783	0.002254591816309492	6.682e+52
1.316e+01	3.656e-01	3.963e+51	15.88873972533924	614/LOGS/profile93	20.19467010217755	3.084e-01	12.876474522373734	0.49931438191936806	16.993231286628074	1.420e+52	1.4056260999439703	0.0006493232990749094	16.553073030168793	1.015e+52	1.3014442469319512	0.0008829123996319137	0.0028276812378793302	15.88873972533924	3.963e+51	0.49931438191936806	0.0028276812378793302	1.156e+53
1.005e+01	1.177e-01	4.876e+51	17.73976000997945	615/LOGS/profile86	7.2438959505353	4.754e-01	15.274328777115633	0.5542482256925572	18.992218847829253	1.677e+52	1.4742818153563189	0.0006073329033727604	18.459742066385672	1.177e+52	1.3649976752873172	0.0008403518230397545	0.0034258407325396187	17.73976000997945	4.876e+51	0.5542482256925572	0.0034258407325396187	3.157e+52
1.158e+01	1.177e-01	5.752e+51	19.5891730408655	616/LOGS/profile89	7.665845954289853	5.701e-01	16.982149666530134	0.5107451789023499	20.99031167281829	1.956e+52	1.5610843756713202	0.0005750073138609687	20.362900651572595	1.346e+52	1.4405167145932856	0.0007900402173371279	0.0032016622517241165	19.5891730408655	5.752e+51	0.5107451789023499	0.0032016622517241165	3.411e+52
1.259e+01	1.176e-01	6.632e+51	21.474518438316654	617/LOGS/profile91	8.104977122750277	5.758e-01	18.717449660087894	0.5818616787657918	22.9890231411067	2.240e+52	1.6543917002457307	0.0005451507906027816	22.27194436355794	1.515e+52	1.531825826893955	0.0007380286158833261	0.0029607760975324067	21.474518438316654	6.632e+51	0.5818616787657918	0.0029607760975324067	3.569e+52
2.065e+01	1.152e-01	7.579e+51	23.315731130258342	618/LOGS/profile87	8.546197027492676	4.810e-01	20.631324873474835	0.6012806411508821	24.987179985760765	2.544e+52	1.7187204534583067	0.0005214905739168426	24.16061062654891	1.686e+52	1.5978523952890296	0.0007067773650004346	0.0028634175464138127	23.315731130258342	7.579e+51	0.6012806411508821	0.0028634175464138127	4.856e+52
1.488e+01	1.174e-01	8.545e+51	25.159988178656764	619/LOGS/profile82	8.924207919229135	6.149e-01	22.019027970427175	0.7583392309292812	26.98501556810093	2.847e+52	1.7806633464230102	0.0004981523734058438	26.05064581318005	1.858e+52	1.6545837602665978	0.0006567470585709322	0.002736152914366996	25.159988178656764	8.545e+51	0.7583392309292812	0.002736152914366996	3.936e+52
1.622e+01	1.173e-01	9.584e+51	27.042563739075227	620/LOGS/profile86	9.271456138991898	6.498e-01	24.24661230790802	0.7158556024711185	28.98337665951657	3.128e+52	1.8551434445712498	0.00047278376120928853	27.945472273223196	2.016e+52	1.7134793465918274	0.0006312894820026756	0.0026241316371628594	27.042563739075227	9.584e+51	0.7158556024711185	0.0026241316371628594	4.155e+52
1.752e+01	1.172e-01	1.063e+52	28.880771435941895	621/LOGS/profile81	9.692942236979125	6.815e-01	26.122614484192724	0.7452722250519149	30.978758069633766	3.466e+52	1.9224657044769873	0.0004570746967411868	29.80461698511151	2.172e+52	1.7627888295190115	0.0005987111998567892	0.002504221345546096	28.880771435941895	1.063e+52	0.7452722250519149	0.002504221345546096	4.366e+52
1.886e+01	1.171e-01	1.162e+52	30.768475533851326	622/LOGS/profile2	10.017290240145087	7.190e-01	27.425276163159186	0.752244179060873	32.977201532917306	3.761e+52	1.9809618668462496	0.0004367716208209977	31.72027933168452	2.359e+52	1.851891843269806	0.0005639561845300782	0.00230976374137889	30.768475533851326	1.162e+52	0.752244179060873	0.00230976374137889	4.579e+52
2.058e+01	1.171e-01	1.290e+52	32.5964671507815	623/LOGS/profile98	10.433630770835327	8.062e-01	29.46423514786974	0.7185393825315876	34.97462410218975	4.075e+52	2.025187338888924	0.0004196671989504592	33.555764135310824	2.492e+52	1.8446391493209924	0.0005574932835203739	0.0023249339113213105	32.5964671507815	1.290e+52	0.7185393825315876	0.0023249339113213105	4.867e+52
2.144e+01	1.169e-01	1.392e+52	34.454907273645084	624/LOGS/profile86	10.710140519779406	7.641e-01	31.57613590720986	0.9051840485873833	36.97365234044922	4.399e+52	2.0935630284702227	0.0004044787667497123	35.431944719296034	2.646e+52	1.9152838686632945	0.0005183390228712363	0.0022126125604061417	34.454907273645084	1.392e+52	0.9051840485873833	0.0022126125604061417	5.002e+52
2.349e+01	1.171e-01	1.501e+52	36.270366350299774	625/LOGS/profile87	11.05695749537946	9.013e-01	33.540683459562985	0.7111240286800637	38.97102539504507	4.727e+52	2.1387744431051843	0.00039053695176234323	37.27747903779983	2.789e+52	1.952765275152112	0.0005071476916431763	0.002130073272779847	36.270366350299774	1.501e+52	0.7111240286800637	0.002130073272779847	5.324e+52
2.487e+01	1.170e-01	1.601e+52	38.065665709509396	626/LOGS/profile91	11.373887721123015	9.237e-01	34.64926996342858	0.7196530444124252	40.96352026837995	5.080e+52	2.1840096972718093	0.00037927442963596057	39.10706014605267	2.929e+52	2.007541927842973	0.0004814164301272593	0.002051384820436951	38.065665709509396	1.601e+52	0.7196530444124252	0.002051384820436951	5.549e+52
2.671e+01	1.172e-01	1.716e+52	39.978821098831055	627/LOGS/profile90	11.68425499547181	1.039e+00	36.19530394467889	0.6601200771237195	42.96244840250927	5.413e+52	2.2663941668800973	0.00036693040261221707	41.01965855584074	3.117e+52	2.0831527203180102	0.00045481807884577107	0.0019223721896798535	39.978821098831055	1.716e+52	0.6601200771237195	0.0019223721896798535	5.847e+52
2.690e+01	1.167e-01	1.862e+52	41.85359110009306	628/LOGS/profile2	12.014259344839187	8.974e-01	37.58389866200191	0.8837267478855455	44.96190932481832	5.753e+52	2.3034686724680697	0.00035542309869822185	42.869974566435964	3.274e+52	2.0997691222491417	0.000445574187824994	0.0019006707200831302	41.85359110009306	1.862e+52	0.8837267478855455	0.0019006707200831302	5.876e+52
4.015e+01	1.141e-01	1.963e+52	43.70081730629225	629/LOGS/profile94	12.27573855153808	7.279e-01	40.33535385411857	0.861144540029985	46.95820393572467	6.113e+52	2.3742386943529774	0.00034582857158207725	44.730805759035206	3.420e+52	2.183639248526886	0.0004225295680472104	0.0017942235142866976	43.70081730629225	1.963e+52	0.861144540029985	0.0017942235142866976	7.974e+52
2.996e+01	1.167e-01	2.112e+52	45.540083311468564	630/LOGS/profile93	12.62443151874622	1.007e+00	42.257340649405045	0.8479401213701676	48.9523566854121	6.460e+52	2.3973399865415477	0.00033598428070765737	46.5775670391304	3.601e+52	2.1851001880474215	0.0004103909910997487	0.0017720155752087643	45.540083311468564	2.112e+52	0.8479401213701676	0.0017720155752087643	6.364e+52
3.193e+01	1.168e-01	2.227e+52	47.38472424349643	631/LOGS/profile92	12.919733506422022	1.112e+00	43.08715963956238	0.7796479942104494	50.9513760461741	6.796e+52	2.450790795631081	0.00032592926577106697	48.42761978811204	3.739e+52	2.2342705407293377	0.00039483446881743436	0.0017040058908766454	47.38472424349643	2.227e+52	0.7796479942104494	0.0017040058908766454	6.690e+52
3.321e+01	1.167e-01	2.351e+52	49.23410883427043	632/LOGS/profile97	13.15352949456145	1.139e+00	44.82329569185745	0.7964905667806504	52.94624027053658	7.140e+52	2.5008100515136857	0.0003170782675369891	50.27263277019589	3.880e+52	2.27802371221868	0.00038684751192725846	0.0016523079831536392	49.23410883427043	2.351e+52	0.7964905667806504	0.0016523079831536392	6.898e+52
3.380e+01	1.164e-01	2.480e+52	51.074101454558146	633/LOGS/profile88	13.47516956577864	1.049e+00	46.47962773651239	0.9272047942400198	54.944246783958846	7.548e+52	2.5568092189073437	0.00031073364242165466	52.101887592937395	4.025e+52	2.326931355306246	0.00037277442022508545	0.0015940576272349125	51.074101454558146	2.480e+52	0.9272047942400198	0.0015940576272349125	6.983e+52
4.921e+01	1.137e-01	2.595e+52	52.92228429410571	634/LOGS/profile85	13.75208245073371	8.170e-01	48.39781320698768	0.9427039872493524	56.94421329256857	7.885e+52	2.612267274491703	0.0003019529060638982	53.94959302556386	4.154e+52	2.3827226069325826	0.0003557861202687727	0.0015377627262527203	52.92228429410571	2.595e+52	0.9427039872493524	0.0015377627262527203	9.420e+52
3.650e+01	1.163e-01	2.718e+52	54.73998697203706	635/LOGS/profile83	14.007326681148989	1.087e+00	49.11374908455832	0.954291304324404	58.93922383509945	8.239e+52	2.6479722320749395	0.00029430560487426235	55.766134081883315	4.277e+52	2.4223954147205324	0.0003451617242409174	0.0015069437616214581	54.73998697203706	2.718e+52	0.954291304324404	0.0015069437616214581	7.429e+52
3.794e+01	1.162e-01	2.833e+52	56.587698682687645	636/LOGS/profile87	14.244067034445171	1.087e+00	51.45487407155645	0.9777966939163988	60.92671233946205	8.600e+52	2.7036979001409707	0.00028729860427874283	57.600224143582906	4.403e+52	2.468287777384901	0.00033504712844214857	0.0014492147834295561	56.587698682687645	2.833e+52	0.9777966939163988	0.0014492147834295561	7.654e+52
3.871e+01	1.161e-01	2.980e+52	58.429762241372025	637/LOGS/profile91	14.48346686673315	1.062e+00	52.71295615263608	1.0701102042578694	62.93233136532354	8.980e+52	2.7402146680113497	0.00028108913711472104	59.43321163221311	4.556e+52	2.497509809827721	0.0003215088859616956	0.0014184371078893995	58.429762241372025	2.980e+52	1.0701102042578694	0.0014184371078893995	7.784e+52
4.053e+01	1.161e-01	3.088e+52	60.24886464210324	638/LOGS/profile88	14.760142121613743	1.111e+00	54.54570771190983	1.0281191745990372	64.89310249577879	9.335e+52	2.7925760122153687	0.0002750492195131392	61.25867058981034	4.688e+52	2.5528133860271787	0.0003116384833691901	0.0013665932687960498	60.24886464210324	3.088e+52	1.0281191745990372	0.0013665932687960498	8.066e+52
4.182e+01	1.161e-01	3.196e+52	62.07401366108055	639/LOGS/profile93	14.988065585945465	1.123e+00	56.299163025509564	1.0367920408791904	66.89363496178008	9.687e+52	2.838220828352054	0.00026888261047419406	63.07503970569882	4.788e+52	2.602727468040967	0.0002992949054212252	0.0013248973576617557	62.07401366108055	3.196e+52	1.0367920408791904	0.0013248973576617557	8.275e+52
4.303e+01	1.160e-01	3.332e+52	63.92871552032526	640/LOGS/profile92	15.224245703603529	1.124e+00	57.779267295896084	1.0725817359593948	68.91393668793737	1.007e+53	2.889541886525737	0.0002626621457836395	64.91658752897382	4.920e+52	2.6397302664153215	0.00029124006634660167	0.0012902472980705327	63.92871552032526	3.332e+52	1.0725817359593948	0.0012902472980705327	8.467e+52
4.412e+01	1.159e-01	3.510e+52	65.74389052934869	641/LOGS/profile78	15.503117268274554	1.128e+00	60.21508384419649	1.1427005630091127	70.91897468211202	1.046e+53	2.906414693515053	0.00025786736186780287	66.72901610057735	5.096e+52	2.645158744884869	0.00028891762303248777	0.0012940800416472676	65.74389052934869	3.510e+52	1.1427005630091127	0.0012940800416472676	8.643e+52
4.588e+01	1.159e-01	3.607e+52	67.57433775737195	642/LOGS/profile87	15.692412244138444	1.168e+00	61.271307531663325	1.0951371504708922	72.89709777558733	1.080e+53	2.9451857976225813	0.0002517787213942375	68.55803444170994	5.209e+52	2.703128126728404	0.00027695036687545903	0.0012463012400509693	67.57433775737195	3.607e+52	1.0951371504708922	0.0012463012400509693	8.925e+52
4.705e+01	1.158e-01	3.709e+52	69.38975497764554	643/LOGS/profile80	16.001856153236417	1.154e+00	62.566883122219906	1.1247428605450212	74.89858531199245	1.122e+53	3.0129675290127222	0.00024763163959441514	70.35375738580476	5.288e+52	2.759877052284317	0.0002666883331366877	0.0011953002181014822	69.38975497764554	3.709e+52	1.1247428605450212	0.0011953002181014822	9.111e+52
4.908e+01	1.158e-01	3.788e+52	71.14931144760773	644/LOGS/profile5	16.158151904901562	1.181e+00	64.58477751751286	1.0862985535811363	76.90402611940354	1.160e+53	3.0393469041902783	0.00024277241953211742	72.1377707196201	5.398e+52	2.812184201310479	0.0002636855938228056	0.0011706829242416276	71.14931144760773	3.788e+52	1.0862985535811363	0.0011706829242416276	9.435e+52
4.967e+01	1.157e-01	3.995e+52	73.04289057457993	645/LOGS/profile82	16.411444903451876	1.197e+00	66.33063643979045	1.1495483008045768	78.87683233480699	1.192e+53	3.0676085377174616	0.0002376181258677498	73.97929188203062	5.544e+52	2.8111527563010865	0.0002549741094877129	0.0011612237737425816	73.04289057457993	3.995e+52	1.1495483008045768	0.0011612237737425816	9.540e+52
3.966e+00	2.456e-01	4.868e+50	4.717139698058518	646/LOGS/profile17	108.0228592368448	3.140e-02	2.7667658222749454	1.726981994498187	4.999534634690195	2.159e+51	1.9355149070898996	0.0013877761660291295	4.943756601072677	1.810e+51	1.9355149070898996	0.0016933820023497341	0.0013806752288686073	4.717155461788176	4.869e+50	1.9355149070898996	0.0004418428729162075	3.384e+51
5.761e+00	2.881e-01	6.660e+50	6.53379078746459	647/LOGS/profile1	74.67378164412769	4.106e-02	4.345992608807686	1.2666175535467703	6.99893803935188	3.768e+51	1.4584669945515427	0.0011441476766695467	6.8879536840495845	2.967e+51	1.4584669945515427	0.001390973517857289	0.0013449710028166967	6.533836444570018	6.663e+50	1.4584669945515427	0.0007068920263230495	5.355e+51
7.508e+00	4.020e-01	9.759e+50	8.353040485611375	648/LOGS/profile95	38.48111024514053	6.826e-02	6.237436346813529	0.7492913054934149	8.998248090401129	5.692e+51	1.0442915448294583	0.0009981373886543063	8.81354848319733	4.203e+51	0.9414592891862479	0.0012229356455333753	0.0016837603680046492	8.353695100866545	9.807e+50	0.8843489833649998	0.0014318880368458177	1.433e+52
9.153e+00	4.110e-01	1.444e+51	10.216096971112526	649/LOGS/profile92	40.78904672586388	9.321e-02	7.714502764661399	0.748297229174724	10.996719123562567	7.835e+51	1.157869015695103	0.0008959824692446363	10.744054461457685	5.611e+51	1.0459064293431848	0.0011092183120587052	0.0015524566730801064	10.216764317725065	1.449e+51	0.9523795118376696	0.001384057823748906	2.027e+52
1.057e+01	4.726e-01	2.252e+51	12.094545297804105	650/LOGS/profile94	26.787929110493405	1.682e-01	9.51964595655103	0.5746402475783312	12.996499073627485	1.011e+52	1.2620472118778074	0.0008078778420243302	12.653253045491052	6.922e+51	1.141622303987911	0.0009882999465048077	0.0022932061529096154	12.096207012913785	2.263e+51	0.7610225494378877	0.002183727392472828	5.086e+52
1.178e+01	4.346e-01	3.127e+51	13.981135227092874	651/LOGS/profile1	21.472019267548003	2.345e-01	11.090889420336282	0.5522336269165494	14.994114548334636	1.252e+52	1.358725390797365	0.0007425300476155138	14.54457277691576	8.158e+51	1.1835595267652723	0.0009908279323818721	0.002598212026770074	13.98251253334702	3.135e+51	0.6980180682712892	0.002568772443869311	8.742e+52
1.331e+01	4.201e-01	3.917e+51	15.82419081513277	652/LOGS/profile85	22.357577732334864	2.438e-01	12.474806094102865	0.6628707721453083	16.992603099157535	1.513e+52	1.4313901193776768	0.0006907422708973373	16.492024752544406	1.016e+52	1.3053648496486185	0.0008853198927441908	0.002627919744585913	15.82419081513277	3.917e+51	0.6628707721453083	0.002627919744585913	1.037e+53
1.432e+01	1.157e-01	4.821e+51	17.663854157012977	653/LOGS/profile88	7.080028471230653	3.920e-01	14.563159828235092	0.5366888269150213	18.992083801385686	1.789e+52	1.4977220590697886	0.0006466123057791103	18.385001181769322	1.171e+52	1.3651354153917377	0.0008429734732748923	0.0032136535529150414	17.663854157012977	4.821e+51	0.5366888269150213	0.0032136535529150414	3.835e+52
1.143e+01	1.178e-01	5.704e+51	19.497651407720976	654/LOGS/profile84	7.727887635762913	5.767e-01	17.173080016653422	0.5005933656064836	20.989436781781574	2.087e+52	1.5684458288080196	0.0006127347841169686	20.282296229617984	1.347e+52	1.4324625773802462	0.0007901391182656623	0.0032785982927300084	19.497651407720976	5.704e+51	0.5005933656064836	0.0032785982927300084	3.386e+52
1.230e+01	1.176e-01	6.607e+51	21.368637408150974	655/LOGS/profile85	8.108698967019345	5.512e-01	18.695686308707963	0.6224482265730404	22.988713965685463	2.392e+52	1.66139340493653	0.0005813100257271145	22.18384642522387	1.519e+52	1.5162337699744837	0.0007575816179525689	0.0030518473577617615	21.368637408150974	6.607e+51	0.6224482265730404	0.0030518473577617615	3.525e+52
1.410e+01	1.177e-01	7.540e+51	23.175864182482645	656/LOGS/profile82	8.55201575574429	6.588e-01	20.661186281890455	0.5511083127680693	24.98688892061969	2.718e+52	1.71768767055267	0.0005561029160961897	24.05724824304522	1.690e+52	1.576345021649457	0.0007086307154485723	0.002943749858818783	23.175864182482645	7.540e+51	0.5511083127680693	0.002943749858818783	3.811e+52
1.555e+01	1.177e-01	8.479e+51	25.02258595041547	657/LOGS/profile92	8.896365138705557	7.322e-01	22.36674929033419	0.5377688818436509	26.985050387118136	3.044e+52	1.7893960831137612	0.0005314470117259287	25.93780886994734	1.857e+52	1.6488704378849712	0.0006774585005697057	0.0027746089970247176	25.02258595041547	8.479e+51	0.5377688818436509	0.0027746089970247176	4.050e+52
1.630e+01	1.173e-01	9.517e+51	26.870945655726032	658/LOGS/profile84	9.312418472689126	6.652e-01	24.42754252642335	0.6862504523323674	28.98220271480474	3.345e+52	1.8480940071609382	0.0005046607743022965	27.821177875102254	2.022e+52	1.6975307251217624	0.0006511829769579352	0.002695913892409361	26.870945655726032	9.517e+51	0.6862504523323674	0.002695913892409361	4.170e+52
1.808e+01	1.174e-01	1.047e+52	28.666156194772935	659/LOGS/profile83	9.666388708797259	7.754e-01	26.094346450623185	0.6095106377130171	30.980774921549905	3.710e+52	1.9083931747026868	0.0004881450691464926	29.65970582654984	2.169e+52	1.7521999477132442	0.0006141142490884143	0.0025622824767008597	28.666156194772935	1.047e+52	0.6095106377130171	0.0025622824767008597	4.454e+52
1.931e+01	1.173e-01	1.163e+52	30.611055361007985	660/LOGS/profile85	10.034773944744092	7.939e-01	27.85438235668664	0.6616163257533796	32.97762265761744	4.027e+52	1.996247724786701	0.00046640475252270183	31.58712691941927	2.369e+52	1.8256379841645805	0.0005910668996172106	0.0023890371388280173	30.611055361007985	1.163e+52	0.6616163257533796	0.0023890371388280173	4.649e+52
2.107e+01	1.174e-01	1.262e+52	32.3947836631476	661/LOGS/profile90	10.334012249145594	9.036e-01	29.541284431559554	0.594889419289727	34.97553530403709	4.365e+52	2.035954676753434	0.0004485884309810025	33.42758493531682	2.515e+52	1.8650877916985564	0.0005637243524980387	0.002323686391214408	32.3947836631476	1.262e+52	0.594889419289727	0.002323686391214408	4.944e+52
2.226e+01	1.172e-01	1.372e+52	34.29312033597534	662/LOGS/profile88	10.704565963852222	9.003e-01	31.235612676309792	0.650681731925101	36.97139491216526	4.710e+52	2.1158389098937573	0.00043238434482750586	35.32315605476226	2.693e+52	1.945250731828548	0.0005359394227896553	0.0021695642393257733	34.29312033597534	1.372e+52	0.650681731925101	0.0021695642393257733	5.127e+52
2.304e+01	1.170e-01	1.490e+52	36.16941034225713	663/LOGS/profile87	11.012835555996885	8.504e-01	32.89401489600339	0.7606099034654857	38.96836655451217	5.063e+52	2.174004084138403	0.00041769490462965095	37.20279189276648	2.872e+52	2.000153304049481	0.0005163040997530277	0.002075501729080687	36.16941034225713	1.490e+52	0.7606099034654857	0.002075501729080687	5.259e+52
2.454e+01	1.169e-01	1.612e+52	37.998564898800616	664/LOGS/profile92	11.377369766517143	8.936e-01	34.71860976862369	0.7699832903085309	40.968019206886346	5.450e+52	2.222489695191823	0.0004060137859564702	39.048890448153784	3.042e+52	2.0336358871893996	0.0004970192935770725	0.002016982047532403	37.998564898800616	1.612e+52	0.7699832903085309	0.002016982047532403	5.494e+52
2.596e+01	1.169e-01	1.733e+52	39.81585500588922	665/LOGS/profile88	11.708382448976655	9.434e-01	35.969635848467405	0.7697886533912653	42.965349774719336	5.807e+52	2.2712953112031404	0.0003928916010625475	40.88064362806293	3.181e+52	2.069472513388704	0.00047763676218863727	0.0019804870671448695	39.81585500588922	1.733e+52	0.7697886533912653	0.0019804870671448695	5.728e+52
3.814e+01	1.148e-01	1.850e+52	41.66051759049363	666/LOGS/profile86	11.987364855936097	8.165e-01	37.422339200069494	0.7165241859643176	44.96023984629144	6.168e+52	2.3189315540168973	0.0003805723654458499	42.74394504136017	3.357e+52	2.1133064214205928	0.0004555975765139871	0.0019036875275347401	41.66051759049363	1.850e+52	0.7165241859643176	0.0019036875275347401	7.662e+52
2.857e+01	1.168e-01	1.973e+52	43.48918643545265	667/LOGS/profile92	12.284268151573498	9.931e-01	39.00270488893071	0.8070668338830702	46.95721127840875	6.556e+52	2.378341590013844	0.0003703523963682	44.57329176563206	3.496e+52	2.159671956769055	0.0004374765488374478	0.0018521726291257355	43.48918643545265	1.973e+52	0.8070668338830702	0.0018521726291257355	6.152e+52
2.906e+01	1.165e-01	2.049e+52	45.25190812014093	668/LOGS/profile89	12.56688794040488	8.847e-01	40.88836176998586	0.9613272655563959	48.950164954468576	6.928e+52	2.4261432212342338	0.00036005832506636756	46.3636922898009	3.581e+52	2.224666144755102	0.00042387164666335224	0.001775328594597119	45.25190812014093	2.049e+52	0.9613272655563959	0.001775328594597119	6.233e+52
3.199e+01	1.169e-01	2.173e+52	47.10296632019582	669/LOGS/profile96	12.871702191309849	1.140e+00	42.38642913799704	0.7272422897569302	50.951704782125866	7.294e+52	2.479619042984443	0.0003495096312529654	48.222320457922144	3.739e+52	2.2709303286301843	0.00040669816471068816	0.0017035936381867977	47.10296632019582	2.173e+52	0.7272422897569302	0.0017035936381867977	6.704e+52
3.336e+01	1.168e-01	2.289e+52	48.946197789302474	670/LOGS/profile95	13.123409330304664	1.140e+00	44.61480742563323	0.7446995129095759	52.947149058194135	7.666e+52	2.526954223635736	0.00033991266944299924	50.05975691492712	3.882e+52	2.3083012164056695	0.00039060176193589526	0.0016442592775423059	48.946197789302474	2.289e+52	0.7446995129095759	0.0016442592775423059	6.917e+52
3.440e+01	1.167e-01	2.425e+52	50.77520282250568	671/LOGS/profile96	13.388808907403831	1.138e+00	46.69155377817065	0.7922162479434649	54.94394544367819	8.103e+52	2.578769607074524	0.00033340197098671257	51.89660750757751	4.060e+52	2.3562789592189897	0.0003754626496335545	0.0016066502938307076	50.77520282250568	2.425e+52	0.7922162479434649	0.0016066502938307076	7.083e+52
3.536e+01	1.164e-01	2.614e+52	52.68461917563897	672/LOGS/profile88	13.700075265771849	1.104e+00	47.9257967942703	0.9196102141460846	56.93434827983414	8.454e+52	2.6074645421694482	0.0003238346509516357	53.78286916819251	4.283e+52	2.371275924552637	0.0003730573141541716	0.0015842083198396636	52.68461917563897	2.614e+52	0.9196102141460846	0.0015842083198396636	7.233e+52
3.657e+01	1.164e-01	2.735e+52	54.50999740226315	673/LOGS/profile97	13.979013776374444	1.110e+00	49.50006950246966	0.9452357009783514	58.93329373224349	8.841e+52	2.6565883428243975	0.0003155045017990182	55.60106196201686	4.403e+52	2.4141382763154726	0.0003548391437348393	0.0015386092319175052	54.50999740226315	2.735e+52	0.9452357009783514	0.0015386092319175052	7.438e+52
3.774e+01	1.163e-01	2.849e+52	56.344333697785814	674/LOGS/profile84	14.199644132979538	1.124e+00	51.487624276921814	0.962701256956506	60.91815740666175	9.226e+52	2.711749198691052	0.0003080382661011881	57.43257164581889	4.539e+52	2.466688626419516	0.00033915797744598773	0.00148089720576379	56.344333697785814	2.849e+52	0.962701256956506	0.00148089720576379	7.622e+52
3.906e+01	1.162e-01	2.996e+52	58.174162058961116	675/LOGS/profile97	14.426398041768644	1.136e+00	52.94256547940138	0.9898941068510502	62.924627762220055	9.637e+52	2.75175929861571	0.00030146497554469357	59.256125918509376	4.690e+52	2.4946765378482043	0.00033160667193755244	0.0014540172980873995	58.174162058961116	2.996e+52	0.9898941068510502	0.0014540172980873995	7.830e+52
4.093e+01	1.163e-01	3.077e+52	59.98641371532602	676/LOGS/profile93	14.713688266563796	1.206e+00	54.93846421305743	0.9234787101832577	64.90471782831042	1.004e+53	2.813233563773498	0.0002955374335624459	61.0699195332415	4.802e+52	2.562352998346183	0.0003230523013201156	0.001372734650325899	59.98641371532602	3.077e+52	0.9234787101832577	0.001372734650325899	8.129e+52
4.184e+01	1.161e-01	3.224e+52	61.82100309569397	677/LOGS/profile84	15.003994940262839	1.153e+00	56.28726030159443	1.0230275577978065	66.92508247108609	1.045e+53	2.8440735962385046	0.00028853877765682464	62.88738357342291	4.935e+52	2.5953175669823936	0.00031266336587382004	0.0013538370164336744	61.82100309569397	3.224e+52	1.0230275577978065	0.0013538370164336744	8.276e+52
4.354e+01	1.162e-01	3.330e+52	63.66209884314814	678/LOGS/profile85	15.230927028012117	1.211e+00	57.57217274326489	0.9672151372606587	68.89873837490634	1.080e+53	2.90489954508331	0.00028147991721882537	64.7247209563355	5.057e+52	2.65495803779947	0.0002998218853869219	0.0012965583828737014	63.66209884314814	3.330e+52	0.9672151372606587	0.0012965583828737014	8.560e+52
4.449e+01	1.159e-01	3.476e+52	65.47000203959296	679/LOGS/profile93	15.403461945535216	1.171e+00	59.22684925057961	1.0664352132924546	70.91802959679761	1.125e+53	2.927112393010454	0.0002768599001303323	66.528254726005	5.200e+52	2.681490132909559	0.0002972364610415007	0.0012877867689698452	65.47000203959296	3.476e+52	1.0664352132924546	0.0012877867689698452	8.702e+52
4.569e+01	1.159e-01	3.563e+52	67.2821432853031	680/LOGS/profile89	15.708402513436257	1.158e+00	60.932080533919255	1.078385959224132	72.89045809123274	1.160e+53	2.9877253052014794	0.0002700422919234544	68.32480399564558	5.275e+52	2.7400354206706816	0.0002853075154447748	0.0012336090144132914	67.2821432853031	3.563e+52	1.078385959224132	0.0012336090144132914	8.895e+52
4.735e+01	1.159e-01	3.706e+52	69.07455606488539	681/LOGS/profile92	15.902249762499428	1.205e+00	63.59698327760386	1.0741281292986526	74.89726966788827	1.206e+53	3.0082026805283215	0.00026562297923867677	70.13175008733165	5.449e+52	2.7667767112120556	0.00027642166129874347	0.0012191415264913802	69.07455606488539	3.706e+52	1.0741281292986526	0.0012191415264913802	9.168e+52
4.843e+01	1.158e-01	3.898e+52	70.92177537091052	682/LOGS/profile8	16.078770694525332	1.228e+00	64.32134582912444	1.1134902430327769	76.90287819787416	1.247e+53	3.0392012922685305	0.0002601613001047975	71.96604907998206	5.631e+52	2.7808153574861687	0.00027084820342891403	0.0012144076823350201	70.92177537091052	3.898e+52	1.1134902430327769	0.0012144076823350201	9.331e+52
5.062e+01	1.160e-01	3.964e+52	72.72205899562348	683/LOGS/profile77	16.427879522160502	1.302e+00	66.15992362319689	1.0072881975942827	78.86091806093631	1.280e+53	3.0958611632073674	0.0002550097297267412	73.75318164653919	5.678e+52	2.831672033714098	0.0002651396842790842	0.001160572694215484	72.72205899562348	3.964e+52	1.0072881975942827	0.001160572694215484	9.694e+52
4.097e+00	2.666e-01	3.658e+50	4.673684547251559	684/LOGS/profile14	84.08078139865763	2.479e-02	2.8883408619659856	1.4056534376639684	4.999530248212262	2.251e+51	1.601970935040927	0.0014433043024105695	4.919612104956726	1.732e+51	1.601970935040927	0.0016934962380704616	0.0014767877106723456	4.674547053908146	3.719e+50	1.601970935040927	0.0005800593639218552	3.196e+51
5.566e+00	2.575e-01	8.348e+50	6.555974029604575	685/LOGS/profile77	105.6898758669748	4.794e-02	3.9415448259682906	1.6222252417472234	6.998926255354514	3.951e+51	1.869643436147708	0.0011966221374507813	6.864787925098447	2.947e+51	1.869643436147708	0.0014062700194145692	0.0007034090377537192	6.556013579226092	8.352e+50	1.869643436147708	0.00044090213176451067	5.458e+51
7.485e+00	3.923e-01	9.635e+50	8.32927175504054	686/LOGS/profile95	40.66361740047927	6.680e-02	6.284477119357495	0.7634447028403176	8.998230012319056	6.000e+51	1.048172988674254	0.0010493609219308238	8.785192347670755	4.210e+51	0.9447226784191733	0.0011807617928899135	0.0015634530738780348	8.330008349835504	9.689e+50	0.9241734721824213	0.0013145561151104213	1.335e+52
9.127e+00	3.229e-01	1.418e+51	10.190212900283397	687/LOGS/profile77	73.00591219617324	6.923e-02	7.101071614752499	1.2049774509563036	10.9968592106947	8.277e+51	1.434815604014527	0.0009439554080371769	10.713236947126699	5.685e+51	1.434815604014527	0.0010979683000026262	0.0008473118316509689	10.19025871885042	1.419e+51	1.434815604014527	0.0007544970881397585	1.033e+52
1.021e+01	4.582e-01	2.266e+51	11.998384385838358	688/LOGS/profile98	21.667283253134	1.686e-01	9.562640367631404	0.5647313170646365	12.995316718098733	1.070e+52	1.2368999711817836	0.0008561781896387551	12.578657632417032	6.806e+51	1.0990276335262148	0.0010425835947163223	0.0025608347273180553	11.99938460794333	2.274e+51	0.7087021343748802	0.002431958970195272	6.844e+52
1.210e+01	4.745e-01	2.975e+51	13.910585916161207	689/LOGS/profile90	28.53850395443895	1.775e-01	10.874116720155408	0.7157041149042112	14.993937363332012	1.327e+52	1.369983557415172	0.000785547309589083	14.546809264147205	8.726e+51	1.2410450801659894	0.0009290455115773336	0.002231469431725575	13.910728132946202	2.977e+51	0.8123205280268956	0.002132895342750174	6.669e+52
1.282e+01	2.977e-01	3.919e+51	15.726730893936924	690/LOGS/profile94	18.14105926242709	3.248e-01	12.831706053284831	0.4777135254550837	16.993522617385334	1.607e+52	1.4282085570369192	0.0007306147929606841	16.40021209338655	9.942e+51	1.2823915592176125	0.0008964683118394795	0.003047869527045722	15.726730893936924	3.919e+51	0.4777135254550837	0.003047869527045722	1.213e+53
1.211e+01	1.166e-01	4.802e+51	17.575730881282492	691/LOGS/profile86	7.099223655505386	4.288e-01	14.549931070433574	0.5520875097491099	18.9917885058175	1.901e+52	1.5106383203165246	0.0006856129610277347	18.302271745327012	1.163e+52	1.3526222954607114	0.0008363282425822212	0.0033110362370313245	17.575730881282492	4.802e+51	0.5520875097491099	0.0033110362370313245	3.490e+52
1.132e+01	1.177e-01	5.668e+51	19.422867480896524	692/LOGS/profile89	7.653151034760999	5.449e-01	16.959004175452815	0.5351588851960181	20.990387911687588	2.222e+52	1.5973437990307482	0.0006506413070460613	20.192665974215828	1.331e+52	1.4266578725321533	0.000796549950536337	0.0032608305309729177	19.422867480896524	5.668e+51	0.5351588851960181	0.0032608305309729177	3.364e+52
1.218e+01	1.176e-01	6.564e+51	21.287803248450896	693/LOGS/profile83	8.091656106312225	5.459e-01	18.471394738951375	0.6281204560496445	22.988394987481414	2.547e+52	1.6810189040270518	0.0006174907870163699	22.09719927990449	1.514e+52	1.524700399209697	0.0007464068773429893	0.0030043832326563202	21.287803248450896	6.564e+51	0.6281204560496445	0.0030043832326563202	3.499e+52
1.379e+01	1.175e-01	7.433e+51	23.13244129662057	694/LOGS/profile90	8.377841669450723	6.022e-01	20.211769377716628	0.6104306110011256	24.98675024817909	2.896e+52	1.7643008511365732	0.0005911273230042333	23.97127910586213	1.677e+52	1.608407322518271	0.0007129426153641318	0.0028130186220842357	23.13244129662057	7.433e+51	0.6104306110011256	0.0028130186220842357	3.760e+52
1.488e+01	1.175e-01	8.473e+51	24.92275081053236	695/LOGS/profile82	8.890626441916698	6.334e-01	22.60805704977431	0.6599501452275485	26.983452408017374	3.243e+52	1.8035328429627737	0.0005651509465987158	25.84778839753837	1.876e+52	1.6380834676453504	0.0006898412848202423	0.002847510666966091	24.92275081053236	8.473e+51	0.6599501452275485	0.002847510666966091	3.941e+52
1.684e+01	1.176e-01	9.399e+51	26.67205821986005	696/LOGS/profile93	9.286614034783787	7.678e-01	24.124533092638192	0.5556352914595284	28.98059841796375	3.565e+52	1.8299239887091854	0.0005371699285744758	27.67027052150424	1.994e+52	1.6672813537608326	0.0006569961768288641	0.002739928133701942	26.67205821986005	9.399e+51	0.5556352914595284	0.002739928133701942	4.257e+52
1.826e+01	1.176e-01	1.040e+52	28.567532243128532	697/LOGS/profile87	9.64029902660428	8.248e-01	25.95460501517389	0.5611241946114573	30.978098272917748	3.957e+52	1.9330688580095723	0.0005196884662985097	29.56446022012845	2.194e+52	1.7555732332075356	0.0006239640291579923	0.0025290595306218843	28.567532243128532	1.040e+52	0.5611241946114573	0.0025290595306218843	4.489e+52
1.940e+01	1.173e-01	1.149e+52	30.41471769221768	698/LOGS/profile85	9.992838688144776	8.075e-01	27.39003295695197	0.6318097922877867	32.975995868883984	4.297e+52	1.9901070928178761	0.0004970299794658664	31.44114932109532	2.369e+52	1.8102682181857677	0.0005958045135310572	0.0024412436882549553	30.41471769221768	1.149e+52	0.6318097922877867	0.0024412436882549553	4.664e+52
2.036e+01	1.171e-01	1.267e+52	32.318752395269364	699/LOGS/profile95	10.362800709318806	7.890e-01	29.212137905777197	0.7255416790306283	34.974452986562035	4.661e+52	2.074501549615837	0.00047824878113745075	33.33316324506302	2.551e+52	1.8740052616213416	0.0005690647412267977	0.002311959323831936	32.318752395269364	1.267e+52	0.7255416790306283	0.002311959323831936	4.825e+52
2.158e+01	1.171e-01	1.356e+52	34.03082188934151	700/LOGS/profile83	10.700468676610672	7.949e-01	31.386527724299928	0.7266998350934564	36.972420039108016	5.033e+52	2.0931405359486748	0.00046125594570055534	35.123366925333904	2.662e+52	1.9237665765956653	0.0005372193641387177	0.002262755430083617	34.03082188934151	1.356e+52	0.7266998350934564	0.002262755430083617	5.022e+52
2.250e+01	1.169e-01	1.485e+52	35.989882507914466	701/LOGS/profile86	11.03598107115537	7.843e-01	33.027820513741624	0.8867423259581022	38.96998909598248	5.413e+52	2.1888433336813216	0.00044564622521548847	37.052433892776435	2.888e+52	1.9926061845181464	0.0005169724511975339	0.002127710719673991	35.989882507914466	1.485e+52	0.8867423259581022	0.002127710719673991	5.170e+52
2.507e+01	1.172e-01	1.588e+52	37.803872200154366	702/LOGS/profile91	11.326275291691188	1.004e+00	34.9019161040062	0.6444550202599144	40.9667473937739	5.825e+52	2.2458833132705136	0.0004331909172180108	38.898148757055054	3.058e+52	2.0424920528605135	0.0005022333772762178	0.0020240713874734267	37.803872200154366	1.588e+52	0.6444550202599144	0.0020240713874734267	5.581e+52
2.596e+01	1.169e-01	1.719e+52	39.62276838770236	703/LOGS/profile90	11.643140536545745	9.555e-01	35.49966265186478	0.7474090264287704	42.962554472532275	6.207e+52	2.2850190923201477	0.0004192593282322918	40.732194037591796	3.219e+52	2.0711707357896922	0.00048031851037440233	0.001997629008029568	39.62276838770236	1.719e+52	0.7474090264287704	0.001997629008029568	5.732e+52
2.733e+01	1.169e-01	1.814e+52	41.39017994618195	704/LOGS/profile85	11.986044359758806	9.651e-01	37.810066054159776	0.759817952007039	44.95962266855458	6.598e+52	2.3221811160685584	0.0004065808966742488	42.531234528576285	3.332e+52	2.120142721218276	0.00046392047697700357	0.0019222835775716588	41.39017994618195	1.814e+52	0.759817952007039	0.0019222835775716588	5.950e+52
2.865e+01	1.169e-01	1.919e+52	43.190912974194575	705/LOGS/profile91	12.284237482654973	9.988e-01	39.27404591387125	0.7699386233342054	46.94995707726832	7.006e+52	2.3771127321012018	0.00039536177867059534	44.34736940805831	3.463e+52	2.188082075565802	0.00044247643614057106	0.0018456577130855712	43.190912974194575	1.919e+52	0.7699386233342054	0.0018456577130855712	6.160e+52
2.999e+01	1.168e-01	2.031e+52	45.018188647662704	706/LOGS/profile95	12.511313282719382	1.014e+00	41.333296744706374	0.7921906725977441	48.950114611782034	7.416e+52	2.4360673434781055	0.0003844471221436012	46.17821387817024	3.602e+52	2.238842995368707	0.00042073816396590594	0.0017828137606510908	45.018188647662704	2.031e+52	0.7921906725977441	0.0017828137606510908	6.380e+52
3.179e+01	1.169e-01	2.166e+52	46.89091943422484	707/LOGS/profile92	12.831924458238147	1.135e+00	42.497652390792105	0.7321509444307501	50.94357476909684	7.798e+52	2.4904333747276906	0.000373114259956449	48.0578339432249	3.809e+52	2.2765397741473974	0.0004163402911757016	0.001718258333539978	46.89091943422484	2.166e+52	0.7321509444307501	0.001718258333539978	6.663e+52
3.215e+01	1.165e-01	2.317e+52	48.83989552331946	708/LOGS/profile95	13.042184729428543	1.009e+00	44.41245389294201	0.9121387310794254	52.93673105171754	8.195e+52	2.55860226147375	0.000363176174945129	49.96712530022539	4.021e+52	2.3362031751719985	0.00039693620276338016	0.0016362483003582334	48.83989552331946	2.317e+52	0.9121387310794254	0.0016362483003582334	6.720e+52
3.365e+01	1.165e-01	2.458e+52	50.6220913441583	709/LOGS/profile95	13.392207964744637	1.059e+00	45.93345400808754	0.9101345925716274	54.94487020661046	8.681e+52	2.589536538583076	0.00035629036554897617	51.76814062477802	4.196e+52	2.3493120426755314	0.0003900218777426251	0.0016195540756632277	50.6220913441583	2.458e+52	0.9101345925716274	0.0016195540756632277	6.970e+52
3.512e+01	1.165e-01	2.528e+52	52.36477249120636	710/LOGS/profile87	13.632197457268166	1.080e+00	47.89861676597843	0.886724348101092	56.93430430298317	9.057e+52	2.638138441157619	0.0003460165068688042	53.52889955754319	4.238e+52	2.41401426622544	0.00037524635335108903	0.0015675313443380984	52.36477249120636	2.528e+52	0.886724348101092	0.0015675313443380984	7.195e+52
3.643e+01	1.164e-01	2.732e+52	54.28517561945302	711/LOGS/profile93	13.932951101519656	1.115e+00	48.79930353171329	0.946178742038691	58.91538359935657	9.448e+52	2.6614423210430695	0.0003375960773751606	55.44138395190848	4.522e+52	2.423820083782272	0.00036946108232669225	0.0015478691132341752	54.28517561945302	2.732e+52	0.946178742038691	0.0015478691132341752	7.406e+52
3.759e+01	1.163e-01	2.805e+52	56.09346119976007	712/LOGS/profile97	14.082725830821554	1.097e+00	51.34899258033421	0.967269624923327	60.934674898613956	9.911e+52	2.743295120735754	0.00033009202337397554	57.22526471120947	4.574e+52	2.4980983224006597	0.0003528254543024165	0.0014711277976759282	56.09346119976007	2.805e+52	0.967269624923327	0.0014711277976759282	7.603e+52
3.890e+01	1.162e-01	2.980e+52	57.92602128090285	713/LOGS/profile87	14.4087745361018	1.136e+00	53.17318791264107	0.9887685850032579	62.91043753745829	1.031e+53	2.766006420366248	0.00032209925444309583	59.07551997145246	4.800e+52	2.5105909402347444	0.000343655460213194	0.0014590909464357099	57.92602128090285	2.980e+52	0.9887685850032579	0.0014590909464357099	7.802e+52
4.065e+01	1.163e-01	3.096e+52	59.71163960882844	714/LOGS/profile95	14.708850096227625	1.195e+00	54.156994990945606	0.9403327821129444	64.90558212522363	1.077e+53	2.8104637003589494	0.00031604197895078717	60.86055335740197	4.914e+52	2.5556411733990445	0.00033477025947842515	0.0014202476691510296	59.71163960882844	3.096e+52	0.9403327821129444	0.0014202476691510296	8.094e+52
4.164e+01	1.161e-01	3.247e+52	61.565870884918034	715/LOGS/profile93	14.921954871141368	1.162e+00	55.64850536414062	1.0347029372252552	66.92389460939887	1.121e+53	2.8507182589865714	0.00030861416686827514	62.69402931847334	5.073e+52	2.5854278626014424	0.00032828891559910346	0.0013814276120664372	61.565870884918034	3.247e+52	1.0347029372252552	0.0013814276120664372	8.248e+52
4.269e+01	1.160e-01	3.341e+52	63.38911414343778	716/LOGS/profile82	15.213853447139678	1.150e+00	57.90357679710555	1.0580441216951713	68.915869031349	1.161e+53	2.9128318095205037	0.0003019275029930769	64.51286886385142	5.176e+52	2.6503876099489525	0.00030969226586124613	0.0013226660326053688	63.38911414343778	3.341e+52	1.0580441216951713	0.0013226660326053688	8.424e+52
4.420e+01	1.160e-01	3.498e+52	65.19385729184077	717/LOGS/profile81	15.446264221324235	1.187e+00	59.53770351188167	1.0670198703357974	70.87261811713553	1.200e+53	2.9344407294904182	0.00029484011343087764	66.32251168023765	5.352e+52	2.6737130944984444	0.0003054994008472256	0.0013099117529677647	65.19385729184077	3.498e+52	1.0670198703357974	0.0013099117529677647	8.655e+52
4.539e+01	1.159e-01	3.630e+52	67.01385632715203	718/LOGS/profile3	15.604693315712389	1.179e+00	60.908991390737	1.115258294091934	72.89082275035274	1.245e+53	2.976190464443287	0.00028906723308357566	68.12738902015039	5.472e+52	2.7063997379807443	0.0002926417059410242	0.0012810207898569994	67.01385632715203	3.630e+52	1.115258294091934	0.0012810207898569994	8.841e+52
4.698e+01	1.159e-01	3.737e+52	68.79897837803107	719/LOGS/profile90	15.824422877299597	1.220e+00	63.46962621592354	1.0782038684439232	74.8952831726977	1.294e+53	3.0223485565066857	0.00028429075898809745	69.91799903194787	5.597e+52	2.7528416921431105	0.00028558507490497766	0.001246380041794732	68.79897837803107	3.737e+52	1.0782038684439232	0.001246380041794732	9.108e+52
4.821e+01	1.158e-01	3.938e+52	70.640498946483	720/LOGS/profile79	16.172105832981284	1.249e+00	64.24116887783865	1.1140972898092822	76.90120652089769	1.338e+53	3.050469828614034	0.0002786528834807015	71.74926508371563	5.782e+52	2.7785043251435435	0.00028241514400170775	0.001239360807866057	70.640498946483	3.938e+52	1.1140972898092822	0.001239360807866057	9.303e+52
4.955e+01	1.158e-01	4.064e+52	72.45282664025187	721/LOGS/profile79	16.415105751270833	1.273e+00	65.76684302994386	1.1153233910006017	78.86487943038118	1.374e+53	3.0880703799293205	0.00027335611367908805	73.54000678548886	5.883e+52	2.811078902797888	0.0002741910109825138	0.0012081747318380205	72.45282664025187	4.064e+52	1.1153233910006017	0.0012081747318380205	9.520e+52
5.683e+00	2.718e-01	7.155e+50	6.513212682143173	723/LOGS/profile81	88.61766636114606	4.210e-02	4.2074773704098565	1.353088090239741	6.99895587070586	4.122e+51	1.6086882397923072	0.0012444755563594439	6.825701337236962	2.798e+51	1.6086882397923072	0.001437119273896819	0.0008106454301103072	6.513225755904087	7.156e+50	1.6086882397923072	0.00053346811866537	4.887e+51
7.349e+00	2.997e-01	1.063e+51	8.340587097450083	724/LOGS/profile94	79.59300175252538	5.465e-02	5.514659371423557	1.319366849247382	8.998199526679231	6.296e+51	1.5405274343591235	0.0010980082410524657	8.748840795690972	4.145e+51	1.5405274343591235	0.0012686291418904255	0.0008413186068575279	8.340974057403992	1.067e+51	1.5405274343591235	0.0006309341247275309	7.794e+51
9.077e+00	4.149e-01	1.414e+51	10.129730132233368	725/LOGS/profile85	40.510876993635414	8.152e-02	7.727098640585383	0.874772845143264	10.996784067796431	8.713e+51	1.1612060956541004	0.000990837472637996	10.666172493532194	5.605e+51	1.0517735275768907	0.0010967247247350308	0.001591846923395036	10.130410339932423	1.420e+51	0.9940841980116877	0.0014124531416212656	1.999e+52
1.044e+01	4.718e-01	2.266e+51	11.99650677943991	726/LOGS/profile3	25.35880834787227	1.572e-01	9.506137127226085	0.638526660096016	12.995368892417195	1.129e+52	1.2660787093304102	0.0009008413315846526	12.574754895907194	7.085e+51	1.1455088427556184	0.0010018838205572596	0.00239125536220277	11.996993571096096	2.270e+51	0.7376758072095456	0.0022645149785814295	5.344e+52
1.226e+01	4.467e-01	2.680e+51	13.820533181416216	727/LOGS/profile84	38.10372841740755	1.409e-01	10.514385278136736	0.8296936661846495	14.993771440312702	1.403e+52	1.366037971783161	0.0008283758716609184	14.474327526562591	8.564e+51	1.23288581106256	0.0009327346783317226	0.0016979571065523634	13.820995407908091	2.685e+51	0.9528771611200437	0.001627285899493614	4.194e+52
1.274e+01	2.690e-01	3.924e+51	15.676654358655098	728/LOGS/profile3	17.403208744541704	3.011e-01	12.781579388815622	0.5408617135280874	16.993372876815815	1.701e+52	1.441030065419961	0.0007712014340411708	16.343339703456667	9.955e+51	1.2751354154755987	0.0009013656822053544	0.003178298082546533	15.676654358655098	3.924e+51	0.5408617135280874	0.003178298082546533	1.223e+53
1.113e+01	1.175e-01	4.752e+51	17.50311996496402	729/LOGS/profile89	7.100382667691485	5.396e-01	14.540317786282113	0.4389294939883419	18.992040554618825	2.015e+52	1.5241624971218932	0.000723619994171259	18.2245339082848	1.152e+52	1.3537977589164985	0.000854055233224342	0.003353489657064819	17.50311996496402	4.752e+51	0.4389294939883419	0.003353489657064819	3.329e+52
1.141e+01	1.174e-01	5.595e+51	19.334514671375306	730/LOGS/profile85	7.508967224388512	4.891e-01	16.144542175195436	0.5997449528276666	20.99024492600755	2.357e+52	1.5988824297885857	0.0006875341704753022	20.100644943132405	1.315e+52	1.4375445512335083	0.0007865214379494398	0.0031162808470166525	19.334514671375306	5.595e+51	0.5997449528276666	0.0031162808470166525	3.372e+52
1.229e+01	1.176e-01	6.549e+51	21.20125762183983	731/LOGS/profile82	8.070432289312729	5.587e-01	18.56384680679566	0.5929383002648976	22.987090791237197	2.667e+52	1.6829078358315768	0.0006459727171660189	22.015796710068926	1.504e+52	1.501790048842436	0.0007621238518009332	0.003119748675684705	21.20125762183983	6.549e+51	0.5929383002648976	0.003119748675684705	3.520e+52
2.028e+01	1.157e-01	7.415e+51	22.94557154270621	732/LOGS/profile82	8.490773541218287	5.254e-01	20.52778929866285	0.5282277808959678	24.985166373742498	3.075e+52	1.7322949125045812	0.0006263482012382998	23.832704483198185	1.660e+52	1.556248537019313	0.0007295518146721905	0.0030119286284000734	22.94557154270621	7.415e+51	0.5282277808959678	0.0030119286284000734	4.799e+52
1.497e+01	1.175e-01	8.362e+51	24.85473334435627	733/LOGS/profile87	8.856156148370118	6.564e-01	22.040986544116755	0.6136290643995368	26.98407150468607	3.449e+52	1.8386410834450901	0.0005994947263307047	25.75543670870315	1.869e+52	1.6689504942844744	0.0006834284510962816	0.002708285269248152	24.85473334435627	8.362e+51	0.6136290643995368	0.002708285269248152	3.952e+52
1.647e+01	1.175e-01	9.319e+51	26.591032486081694	734/LOGS/profile91	9.253535094480652	7.131e-01	24.08449852672083	0.6083555329263751	28.980443133742256	3.794e+52	1.8627366246219796	0.0005698002360989245	27.563206942289	1.991e+52	1.6803369589851933	0.000666686521463826	0.0027132178910966335	26.591032486081694	9.319e+51	0.6083555329263751	0.0027132178910966335	4.197e+52
1.795e+01	1.175e-01	1.037e+52	28.43499855746195	735/LOGS/profile85	9.63779102465858	7.818e-01	25.43259835658066	0.597694805560402	30.979263171991047	4.214e+52	1.93795640050059	0.0005520509074842462	29.440083858089146	2.197e+52	1.7572741878200928	0.0006312946946201698	0.0025705441345875895	28.43499855746195	1.037e+52	0.597694805560402	0.0025705441345875895	4.442e+52
1.912e+01	1.173e-01	1.136e+52	30.16895192201581	736/LOGS/profile84	9.989076963845958	7.732e-01	27.603748592871188	0.6624908005227134	32.97620152860759	4.578e+52	1.965442538085822	0.0005282763545460406	31.239058479048747	2.309e+52	1.7757118492944057	0.0005972177428937191	0.002526744048688947	30.16895192201581	1.136e+52	0.6624908005227134	0.002526744048688947	4.628e+52
2.005e+01	1.171e-01	1.249e+52	32.113354605415864	737/LOGS/profile81	10.338164800777397	7.419e-01	29.00953708140777	0.822530308752128	34.97272637241753	4.965e+52	2.064489024529022	0.000508494917712569	33.169705265395734	2.539e+52	1.8691940988850386	0.000578988404441176	0.0023571738072402228	32.113354605415864	1.249e+52	0.822530308752128	0.0023571738072402228	4.767e+52
2.162e+01	1.171e-01	1.346e+52	33.87838620814344	738/LOGS/profile85	10.667915342305745	8.189e-01	31.226445561877583	0.7181083689654427	36.970403088804595	5.364e+52	2.1064951123070252	0.0004905987598009424	34.973107622634444	2.657e+52	1.91601683420621	0.0005442688566158275	0.0022670921430783964	33.87838620814344	1.346e+52	0.7181083689654427	0.0022670921430783964	5.023e+52
2.231e+01	1.169e-01	1.469e+52	35.834318466097976	739/LOGS/profile85	10.943211332880573	7.736e-01	32.318319625591634	0.8601414255177575	38.96684032762833	5.770e+52	2.1978098552910112	0.0004739590439899599	36.91599824773164	2.910e+52	2.01573940779335	0.0005218816156715114	0.0021160121501067287	35.834318466097976	1.469e+52	0.8601414255177575	0.0021160121501067287	5.142e+52
2.465e+01	1.171e-01	1.565e+52	37.490755112624065	740/LOGS/profile85	11.29405062626068	9.450e-01	33.40566576902713	0.6871364196730068	40.96392517611375	6.212e+52	2.2104123792893797	0.0004613956902613598	38.635466699489044	2.977e+52	2.015890603273435	0.0004997529153346755	0.002099609119776966	37.490755112624065	1.565e+52	0.6871364196730068	0.002099609119776966	5.516e+52
2.583e+01	1.170e-01	1.682e+52	39.37939115080185	741/LOGS/profile98	11.584764120691727	9.443e-01	35.48128876693428	0.7372979279820485	42.96168727394513	6.624e+52	2.293528893711908	0.0004464716729960478	40.52185496067761	3.177e+52	2.078477833107544	0.00048155812203092734	0.0019924496954618915	39.37939115080185	1.682e+52	0.7372979279820485	0.0019924496954618915	5.712e+52
2.706e+01	1.169e-01	1.816e+52	41.24993050880765	742/LOGS/profile97	11.873546500098074	9.626e-01	36.995817315239066	0.7737822231618581	44.95568398063057	7.040e+52	2.3494519509484166	0.0004331731329773469	42.39830157009421	3.386e+52	2.1319977939044166	0.0004670626304931726	0.001931053296563301	41.24993050880765	1.816e+52	0.7737822231618581	0.001931053296563301	5.907e+52
2.763e+01	1.166e-01	1.915e+52	43.017155914253124	743/LOGS/profile100	12.198540042415264	8.758e-01	39.18270471786959	0.9208727095171052	46.95412639745568	7.489e+52	2.39809765031772	0.0004218624088786246	44.19301229941264	3.513e+52	2.1870835838650184	0.0004545197667643449	0.0018685673820390152	43.017155914253124	1.915e+52	0.9208727095171052	0.0018685673820390152	5.994e+52
3.010e+01	1.169e-01	2.055e+52	44.946600728052495	744/LOGS/profile95	12.51806261319182	1.062e+00	41.70773456553667	0.7635373611704294	48.94620157383911	7.917e+52	2.4685897724621495	0.00040977717830134315	46.10728059948814	3.750e+52	2.24051374865652	0.0004390017612555979	0.0017527970599827435	44.946600728052495	2.055e+52	0.7635373611704294	0.0017527970599827435	6.400e+52
3.160e+01	1.169e-01	2.133e+52	46.64910808521862	745/LOGS/profile89	12.774194477814879	1.103e+00	42.342318235728534	0.7274386259130289	50.946644989863145	8.338e+52	2.5042023370812867	0.00039828332384580123	47.83817252992567	3.784e+52	2.282926829256834	0.00041451225564239464	0.0017183580486937336	46.64910808521862	2.133e+52	0.7274386259130289	0.0017183580486937336	6.631e+52
3.174e+01	1.165e-01	2.242e+52	48.424381023982065	746/LOGS/profile89	13.040098611877823	9.525e-01	44.02474229028829	0.9405551748051963	52.94264717004083	8.768e+52	2.5429219784464716	0.00038776495826587027	49.6185430342119	3.883e+52	2.333540910735144	0.00039904661373365826	0.0016810388487795798	48.424381023982065	2.242e+52	0.9405551748051963	0.0016810388487795798	6.654e+52
3.410e+01	1.167e-01	2.439e+52	50.37534639623204	747/LOGS/profile93	13.297348981431286	1.160e+00	45.51401822351709	0.8015333781686911	54.93256047178824	9.262e+52	2.600042933044896	0.0003802198545391958	51.56717192058253	4.241e+52	2.3542014950190597	0.0003957954825894263	0.0016334161069883081	50.37534639623204	2.439e+52	0.8015333781686911	0.0016334161069883081	7.032e+52
3.583e+01	1.168e-01	2.503e+52	52.0930805961785	748/LOGS/profile93	13.598849043784526	1.200e+00	47.60052656301358	0.7650444853432591	56.938153787031744	9.689e+52	2.64865432951482	0.00036940929442095085	53.312474104378616	4.267e+52	2.427755991477311	0.00037701411010972847	0.001575640802567377	52.0930805961785	2.503e+52	0.7650444853432591	0.001575640802567377	7.322e+52
3.528e+01	1.162e-01	2.629e+52	53.95495569637914	749/LOGS/profile98	13.883386738131454	9.593e-01	48.98844043260856	1.0844463889979974	58.912232127106115	1.010e+53	2.705183028351322	0.00036032134652226643	55.14941467811329	4.415e+52	2.478104671342055	0.00036163865665516103	0.0015233381861561042	53.95495569637914	2.629e+52	1.0844463889979974	0.0015233381861561042	7.232e+52
